202203051700
202201290220
202110230610
202202091810
202110230820
202112251130
202111101140
202201191110
202111241440
202202021210
202204020620
202202021430
202110200620
202202021020
202111241220
202111101030
202202020400
202201291900
202112041950
202201080230
202201291820
202202161650
202201050640
202112250800
202201191740
202111101850
202201151030
202203051930
202203021320
202203021530
202202230500
202201121940
202111100620
202112251720
202202050320
202112081130
202201261750
202110230950
202201261250
202203021020
202111270820
202202230050
202201191540
202201081000
202112041040
202202091530
202202230210
202111100810
202111100920
202112290300
202201291950
202111271500
202202050550
202202091040
202112081040
202201260920
202202161830
202201121040
202202230140
202204021440
202112010130
202112291920
202112250210
202111130040
202111270040
202202191320
202203021740
202201261630
202201151220
202111270710
202202231510
202201080710
202204020430
202202120530
202202021450
202201081500
202112220920
202112081100
202110200820
202201150820
202112181410
202201151920
202112181310
202202090940
202204021040
202112041640
202112080100
202201191200
202201290100
202112221110
202111241540
202201291110
202201051720
202201291650
202201191050
202112291700
202201291220
202112220050
202202231350
202112251120
202202021400
202112040820
202202160610
202201051800
202201011210
202201150930
202202231200
202203191800
202202161500
202202120630
202204160600
202111131710
202201150950
202202190340
202202160850
202201081630
202111270830
202202090930
202204161100
202112181840
202202051300
202112251100
202201081510
202112040900
202111241710
202201010540
202112251330
202112041120
202201081900
202204021000
202111131240
202112181150
202111271730
202202050520
202202050730
202201191230
202204021050
202201081710
202204021200
202112220610
202112291710
202201151820
202202191730
202201121850
202202161040
202112010030
202202120850
202201080900
202202191310
202202191740
202202091730
202201010650
202202120240
202112180750
202201121540
202203051320
202201290710
202202050120
202202191100
202201151630
202202090250
202112250910
202201150410
202112290050
202111101750
202112041930
202202050930
202201191350
202202051650
202201221710
202201260820
202201121420
202202021300
202201120250
202201051840
202202120430
202201121050
202203051630
202201151450
202201010810
202112220940
202204021840
202110231320
202112291310
202202021320
202201261220
202112250820
202112011730
202201221620
202201290540
202202050440
202203090600
202201191640
202203191600
202112221530
202202121140
202112181300
202202090550
202202021230
202204160700
202204020240
202202021750
202201221700
202201121020
202202191250
202202120410
202201120350
202202190210
202201261520
202201151940
202204020550
202202091220
202202230120
202112181850
202111270650
202112220530
202112290340
202203191850
202111271410
202202020530
202201290930
202202230200
202202020820
202111100750
202204021530
202112291910
202112290620
202201260600
202201221600
202112181240
202202021220
202202050900
202201120130
202203021600
202204160610
202202051200
202201220700
202112081110
202202121930
202202231930
202201221800
202111100930
202202021620
202111241230
202204021920
202201011150
202112011850
202201151900
202201190930
202201010340
202201010740
202204020210
202202020410
202112250150
202201191000
202202161210
202201261620
202112010840
202202190750
202112290800
202201121410
202111271150
202201081550
202112080950
202202091850
202112220550
202202021700
202202161600
202201081140
202201120420
202203050720
202112041230
202204020510
202201121720
202112181420
202201080420
202201260700
202112180810
202203090640
202111270900
202112221430
202201220630
202201081200
202112251230
202201081350
202110231910
202203050440
202201150740
202112011930
202110231050
202112250230
202201151330
202201221910
202201221750
202204021410
202202020150
202202190430
202111241950
202202021110
202112220400
202112181210
202202230630
202202020420
202202121340
202202161310
202202121400
202110231020
202202121030
202111240040
202112220850
202202021100
202202090150
202202090650
202112290320
202203191630
202112040050
202202021940
202201261040
202202230700
202112011900
202112250450
202202020110
202201051400
202201190920
202110230700
202201121820
202111240850
202201120050
202202021630
202111271100
202201151420
202201080440
202112290930
202202120320
202202020700
202201151830
202201121810
202201120730
202201151210
202110201120
202203091220
202202021010
202112290910
202202090950
202203021120
202201080210
202201120740
202201261840
202201191910
202203091130
202202090620
202201290120
202112041010
202201080740
202111100610
202111271900
202201010450
202201260440
202110231230
202202020720
202202020320
202202020900
202112290920
202204161740
202203050600
202110230840
202203051100
202203051950
202202021030
202201261940
202112080920
202112181540
202201050120
202201150120
202202191920
202202050200
202112040930
202201221940
202201191750
202201290330
202111271220
202111101650
202112221640
202111240120
202203021630
202203021940
202112251020
202112291650
202202230400
202201290920
202111101940
202201120450
202202120830
202202191940
202201261410
202201291600
202202120450
202112251610
202201191900
202202020330
202112180020
202201291210
202111241340
202201080150
202110201240
202201191220
202202190900
202202020540
202202161800
202112250220
202112291600
202112011640
202112220810
202112291100
202111241200
202202190920
202202020750
202201291910
202202161020
202204020050
202201220600
202203091710
202111200030
202202190310
202112080000
202204020740
202201150720
202201261200
202112180850
202201290950
202202091230
202204021450
202202160140
202201010520
202112080140
202202231550
202203021030
202203021540
202111240620
202111240720
202111270610
202201011800
202201011230
202112220800
202201151410
202203021650
202201261900
202111101640
202112011050
202111100640
202201291530
202201151730
202201081520
202202021330
202201220720
202204020840
202112291940
202202051440
202112010940
202201081030
202112220200
202202050950
202202160350
202201011730
202201151150
202204020100
202204020920
202112291210
202202121940
202202161610
202112080940
202202230340
202111101010
202112010850
202201151620
202112041630
202201120120
202204021520
202202090630
202202051100
202201011750
202202160940
202202191240
202201151550
202202050810
202112221620
202201120300
202202190050
202203090950
202201050140
202201191420
202203021350
202202090050
202202021200
202203050340
202202050830
202201051950
202204161120
202111130030
202112290810
202111131730
202201051140
202111270130
202201261430
202202021250
202201191440
202201151350
202111241210
202202160120
202202160240
202201121550
202204021340
202201150710
202202090740
202201151810
202202021040
202110200900
202112180940
202204161910
202112180820
202112011440
202202160500
202112181610
202203051600
202201290300
202202091100
202203191650
202201121240
202202020430
202112291230
202112250300
202112221150
202112040010
202201051900
202202230310
202111270840
202112291320
202203021900
202111271930
202112011920
202112180710
202110201230
202112150040
202111271330
202201010240
202201260500
202111200000
202111240610
202110201220
202202091650
202112080630
202202090130
202201010630
202112010930
202201191140
202201121120
202203051340
202201121520
202112011750
202201151610
202112220220
202203020930
202112250330
202202090410
202201191310
202201220510
202202021140
202111271650
202201051450
202201190320
202201121930
202203021950
202112041030
202201051700
202111241430
202202021500
202112011310
202112011740
202202230240
202112251820
202202120910
202203021140
202204021230
202201291200
202204161040
202202121500
202204021020
202201220940
202201291050
202202161140
202201151120
202111271300
202112251250
202201260900
202112290230
202201290430
202201291700
202110200610
202201051730
202201081920
202201121210
202112180050
202201291720
202201121200
202202121900
202202050600
202112251200
202111241420
202110201130
202203051150
202202191020
202202161350
202202230600
202201010640
202201291240
202204161140
202202051500
202201191530
202111100820
202201220830
202202191000
202112011840
202201080840
202203051440
202110231130
202202120420
202201050550
202203090800
202202091150
202203051750
202201051630
202112251430
202202090350
202202161730
202201051640
202204021820
202202161010
202202090210
202202191710
202112221100
202112040800
202202161900
202112080120
202112220340
202112081140
202111241820
202110201140
202201260930
202111131840
202201011020
202202020610
202202161940
202202050940
202112080900
202202051230
202202231610
202112011710
202201191810
202112080830
202201151320
202201220910
202201051220
202201151430
202201080240
202111241930
202112250650
202201121310
202202020510
202111101610
202202161720
202202230130
202201261140
202112291430
202201221900
202202050130
202201080110
202201080700
202202090510
202202160630
202203050710
202201220100
202112011130
202203091010
202202091240
202202230450
202203050400
202111100900
202202091320
202201221220
202201051240
202202120950
202112221630
202201291450
202201120700
202201291310
202202020840
202201290130
202201290600
202203090630
202110231030
202203021510
202204021640
202112181120
202112291820
202202090340
202203191520
202203231750
202202121440
202201220550
202201290840
202201151230
202112080740
202201191430
202201220450
202202191630
202202050230
202202120130
202201120900
202204161730
202110231840
202111240800
202201051110
202112290410
202201260810
202202190630
202202161420
202112251400
202111100020
202201011000
202203050920
202111271040
202112011400
202202020620
202201080340
202201120750
202111101720
202111271740
202203021620
202202120600
202202230610
202112220640
202204021140
202201151740
202202190220
202204160650
202204020520
202110231220
202201220650
202203021830
202202121910
202202091200
202112040630
202202230330
202202120340
202112180910
202203051640
202111240050
202201011940
202112010900
202112221810
202204021500
202201191610
202112220210
202202120330
202111241800
202203021920
202112180620
202202120940
202203020910
202111271540
202112040710
202112080910
202202021000
202201291930
202201011830
202112220620
202201190210
202201261310
202201290150
202202191410
202203050840
202201221740
202112080650
202201291020
202201221850
202202190450
202112291810
202204020950
202201221310
202201291710
202112291010
202111271450
202204021940
202202051810
202203231850
202201150620
202111271240
202202230350
202202161540
202202051910
202112220720
202203191540
202201291400
202201291640
202112290840
202112181510
202202021950
202112251110
202203051720
202201080640
202201261320
202112220350
202202021800
202202230110
202202120730
202112290350
202203050450
202112220410
202112251910
202202021530
202110231800
202202190550
202111100730
202112011020
202203021610
202201290440
202111101700
202110200700
202110230830
202112291520
202112250620
202202160050
202202191600
202111241320
202201051200
202202121300
202203090050
202202051130
202202021640
202202190120
202111101730
202201291500
202202020930
202201220540
202203091250
202202121520
202201010620
202202191440
202204021620
202202120620
202201121250
202201051050
202110200750
202111241940
202202051900
202201191600
202201290310
202201050610
202204020200
202112180010
202112250720
202110230710
202201081300
202111270030
202112251410
202204020930
202201080310
202202050250
202202050800
202201151250
202201080410
202112221820
202202020710
202201261340
202112290610
202203191610
202201150550
202112011420
202111241640
202112251340
202112011910
202201051120
202112041410
202110200730
202202190440
202203050940
202202051850
202203050500
202201150140
202203090620
202112011040
202201190250
202202050610
202201220950
202201051920
202201221210
202112250410
202202191230
202201150100
202201290350
202202161220
202202191040
202201191320
202202120140
202110231140
202202121630
202201190350
202202231450
202204020440
202201051150
202201260950
202112250250
202111100950
202202091900
202202121620
202204020830
202112221840
202112251050
202112220650
202112081250
202201010400
202201010230
202110230110
202201121110
202201191100
202111270910
202204021210
202112221700
202202231210
202201260050
202201150350
202112250530
202202021650
202202231310
202112290710
202201260610
202203090930
202202190350
202201121350
202201011110
202112181230
202201121450
202112221120
202202191010
202201261230
202201120320
202203051000
202203021500
202204021910
202112180900
202202021610
202202161740
202110200030
202204200020
202201011840
202202190830
202203021410
202202230730
202111100000
202202190710
202112250310
202201010550
202112011220
202201191730
202202190150
202112181130
202201291630
202202231940
202112081020
202203191900
202202090920
202201081340
202202091910
202201081430
202202231700
202204161050
202111100010
202201010250
202112041000
202203051350
202202190240
202202161030
202201191510
202111271950
202201011930
202112250520
202112181330
202112251350
202111270850
202203091000
202201290700
202201191830
202201221730
202201120640
202112080700
202202160300
202110231740
202203021710
202203051710
202201190120
202202120540
202202231300
202112291220
202201291350
202112290850
202204160540
202201120510
202111271110
202203050850
202201080850
202112041310
202112290250
202203051240
202112250550
202112011010
202112220710
202201151310
202202190640
202202090420
202203021440
202112251800
202112250640
202202160550
202112081240
202204161200
202201191950
202112220630
202202161340
202112011110
202201121700
202112041200
202112251600
202201120950
202112220930
202202091950
202110231040
202111101510
202201081910
202202021540
202112251510
202204021150
202112041320
202111131750
202112041350
202202091640
202112081150
202111241040
202201291550
202201081330
202112250240
202204161840
202201081950
202201151540
202111271030
202111241840
202202020850
202112251140
202203191910
202201191630
202112080800
202201120930
202201260450
202201081220
202202021510
202202190330
202112221300
202201081150
202112181320
202201120530
202202120920
202111100850
202202121640
202112180130
202203050740
202203091300
202112221020
202203231830
202203051850
202204021220
202202051620
202202021720
202203050540
202111100800
202201050520
202201120620
202204021850
202112220300
202202050840
202111101500
202112221750
202202090400
202111101040
202201221350
202201121910
202203091210
202202161840
202202230620
202203021400
202202090720
202201051130
202112291400
202202051450
202202190610
202201011120
202112291840
202201221050
202201290110
202202231520
202202021310
202201290910
202201191340
202201120910
202111240700
202204020120
202202051830
202201190850
202201081810
202112291200
202203191820
202203090900
202201290320
202112291850
202202230100
202201080100
202201220110
202201010510
202201120920
202202230220
202201190050
202112041020
202203050350
202111271400
202201010800
202111170020
202201260620
202201290500
202202051700
202201051550
202202160840
202112041820
202201190110
202112221450
202201191330
202201290420
202201011200
202202230720
202112010150
202202051140
202202231950
202201150900
202111131810
202202050310
202202051730
202112180830
202112041400
202201221650
202201010820
202203020940
202203051730
202111130020
202201051510
202112221240
202111270100
202202161530
202201291230
202201151930
202112221550
202201120520
202202050240
202201221120
202112221720
202112250630
202202120740
202202160420
202204021240
202111241910
202203021430
202202121600
202202091250
202202191550
202201081310
202111270800
202202121020
202201121950
202111101320
202202190650
202111101620
202202050150
202203191940
202112011530
202111240130
202112080620
202201080450
202201150910
202201011050
202201121510
202202191200
202203021100
202201221930
202111100710
202201261100
202203051530
202202021550
202201290810
202202021050
202201081130
202111240940
202201220530
202201080630
202112251940
202202050050
202204021700
202201080500
202111240820
202112081120
202202091430
202204160500
202202090700
202112220700
202202121830
202201260710
202202050430
202112040140
202112180150
202201081600
202110231000
202201191700
202112290200
202202091600
202111240020
202112081010
202202090730
202202091610
202201080610
202203090820
202112221230
202203231700
202201191450
202201081240
202111100830
202110200050
202204020630
202202020200
202112290750
202201290830
202112011540
202201051320
202201010330
202203090830
202112250540
202111101930
202112291720
202201220050
202111240140
202111240910
202202091010
202112221440
202112251220
202112041150
202201221810
202110200040
202203231800
202203051900
202202120300
202203051610
202201291620
202112220900
202201080910
202202191050
202201150940
202201080300
202111100650
202112041520
202111240810
202201151510
202110230930
202111131830
202111240740
202201120540
202112291640
202202190720
202201121300
202111240640
202202190950
202203091730
202201151010
202112250950
202201260100
202201121100
202201080920
202201050510
202202021420
202201050130
202202190420
202204160050
202204020800
202201221140
202112180630
202202091720
202203050640
202112221710
202111131230
202202231230
202201221550
202202120840
202202160340
202112041250
202112041850
202204021540
202204161250
202202160130
202201081420
202204200040
202112010740
202112181720
202111241630
202201261420
202112251840
202202091140
202203090510
202203051110
202204161150
202202021840
202111271620
202201051340
202111131800
202111100050
202112081230
202202121220
202202161050
202202091630
202111241520
202112081200
202112221320
202201291040
202201290940
202201010300
202202051050
202112181630
202203021250
202112180030
202112011120
202111101350
202111271920
202111240730
202201191720
202110230030
202111270930
202112220540
202202160450
202203050810
202204161110
202201220840
202201010920
202202231740
202202120800
202112010710
202203090500
202201050110
202202231400
202111270640
202201051350
202202090220
202110200840
202201011950
202201120220
202202231320
202202191450
202202231750
202203051250
202201080200
202110230000
202112250840
202204161830
202112251930
202201011710
202202051920
202111241030
202203191750
202202091310
202112150000
202201190220
202201151530
202202121920
202112041900
202201151140
202202051750
202202020440
202202190320
202202090640
202201221110
202110231210
202110200910
202203091030
202112181940
202112180640
202203050530
202111131740
202111271520
202201261950
202112011550
202111101630
202112040730
202111271340
202201261500
202202161100
202201260740
202112181640
202201051430
202110200740
202204021250
202201190100
202202051430
202201011130
202112181930
202201190830
202201121640
202111271940
202112180950
202112010700
202204021300
202201261000
202202230440
202203051450
202202091050
202201220740
202112040030
202202090850
202112181040
202201150510
202204021810
202203231720
202112180700
202111131250
202201120310
202110201040
202112181910
202201191010
202112291120
202201080800
202204020610
202112251320
202203050620
202202160910
202112010140
202204021010
202204020720
202112220430
202112011500
202111101000
202201191820
202201151520
202201261740
202112010640
202112291240
202111100720
202112181400
202201080600
202202051520
202201261550
202202121530
202201081050
202201120330
202112291630
202112010100
202112290150
202203021130
202201120720
202112290530
202201051710
202111271310
202111270140
202202190850
202201221240
202201011040
202202120050
202202230150
202201261050
202203231810
202111270110
202201051610
202201050600
202111270630
202201150730
202202051340
202202051320
202201191410
202201220920
202201051250
202203231650
202111170000
202202051940
202202191340
202201081440
202203050730
202201260730
202202230320
202201150750
202201081010
202201191620
202112290600
202112181340
202202231240
202201261920
202201220930
202202190410
202111271320
202202160410
202111131650
202112220440
202202021340
202201190130
202201291740
202201010940
202201191840
202110231850
202112080130
202110231120
202202050620
202202020910
202203231820
202202091830
202202051930
202201081800
202110230920
202111271120
202204020600
202112181730
202202050750
202202020740
202201010410
202112181000
202112181440
202112290400
202111270940
202202091520
202112181920
202201120440
202112010730
202201120550
202204021550
202201120430
202202021520
202202121110
202110230650
202112251150
202112181950
202110230750
202202121420
202110201020
202110230810
202201291140
202202020940
202112010610
202202020050
202112291050
202202190930
202202090320
202110231250
202202191430
202203051740
202202020340
202110230800
202201011920
202112041700
202112041920
202201291610
202201260640
202204161650
202201051830
202112250510
202202190400
202202230710
202111101210
202202160440
202203090910
202111240630
202201291130
202201010610
202112181050
202112290520
202201291810
202202191720
202201290050
202202160810
202110230910
202202230250
202202021910
202201150530
202203021200
202112011800
202201221300
202203091700
202204021800
202201191250
202204021510
202201081450
202201080620
202201261910
202201080650
202201010840
202112040940
202202161410
202112010910
202202161400
202201221020
202203050520
202202050540
202112041840
202203020920
202202021130
202110201000
202112221030
202112291620
202202230740
202112041300
202112040100
202203051020
202201051620
202202121150
202111271810
202112290640
202111241130
202202051020
202112081050
202110200810
202202051210
202112180920
202202190110
202202020220
202201291850
202112181200
202201151600
202202121010
202201151100
202202120550
202111271550
202203090850
202110230050
202201081530
202111240030
202111241720
202201261600
202204161240
202202191930
202112150020
202111101050
202112040750
202112040830
202111241240
202202191830
202201121140
202204020320
202201261830
202112080810
202201120240
202201191130
202201190150
202203051620
202204161230
202201010120
202111131820
202201051500
202111271630
202204020500
202202090440
202203090450
202201120410
202112110000
202202091510
202201221950
202112181710
202111271640
202201260400
202112181250
202201261350
202203050820
202112041420
202202121650
202112290440
202202231910
202203091140
202203051540
202111240830
202202020140
202202190250
202111241610
202112291020
202201150440
202202050740
202201191020
202201260140
202201291750
202111200040
202112220110
202203051050
202112251540
202202160740
202201190230
202110231810
202112251450
202203050550
202201261130
202111271710
202112041130
202202120210
202112010620
202111241650
202201151500
202111131720
202110231100
202112221220
202202091410
202112221210
202110200850
202201220850
202202091400
202202091000
202203091720
202201220750
202201121750
202201191120
202202161130
202110201030
202112291040
202201081410
202202191910
202112181350
202202051950
202202161450
202112181140
202204020230
202112221950
202112221410
202201081250
202201151910
202204160520
202201121650
202201290510
202201080550
202201120340
202110230010
202201010220
202201080540
202111131900
202201151400
202202051600
202202190810
202202191420
202201010930
202202090810
202112220950
202201051930
202112011140
202112291800
202201190910
202202120650
202202160900
202202160830
202201081210
202112291000
202204020410
202111101130
202202021730
202201221340
202201261530
202112080110
202111101430
202111101900
202203191810
202202121710
202203091110
202112291250
202112291730
202112250420
202203050830
202201051530
202202121210
202202050140
202112250500
202112250740
202202161120
202112041440
202201151040
202201260850
202112041240
202201290410
202202160800
202204161630
202112250340
202202161510
202110230740
202201190950
202112080840
202204161850
202202161550
202202190130
202202020830
202112041800
202201290400
202201120110
202203021850
202202090430
202203050610
202201121440
202203051650
202111271840
202112290950
202201121000
202202051540
202201051740
202203021810
202202230410
202201221920
202201080140
202202050500
202201010310
202201150830
202201150450
202203021330
202111101220
202112180100
202203090710
202112011210
202111100740
202112250440
202204161820
202202190620
202203091020
202201051330
202201291730
202112010120
202202050710
202202020500
202111240150
202203050950
202202051250
202202161200
202112250830
202204020900
202111241900
202112041500
202111101230
202202091300
202112181620
202203021840
202111270020
202201190810
202110230040
202110230630
202201260650
202201261510
202202160820
202201010830
202201010530
202112081000
202203091120
202201191940
202203191720
202204161300
202202121950
202112290740
202202160540
202112291450
202203021720
202202090830
202201081930
202204161920
202111241830
202201010320
202201120830
202201121800
202202121720
202202051820
202112221420
202112290900
202201290210
202204021320
202201290520
202111240100
202112251650
202202160950
202112011520
202112250930
202201121500
202202050100
202201191030
202201151950
202112010830
202111271910
202202190300
202201120710
202203021820
202204020820
202202021710
202201290230
202202160750
202111241850
202203051130
202110231650
202204021630
202202051740
202204021400
202202021740
202201191550
202201191150
202204020710
202203050510
202201150400
202112251750
202112181600
202112081210
202111270950
202202051010
202203051400
202201121530
202202231540
202202050850
202202120150
202201121900
202202161850
202201051540
202202050400
202201290200
202201151650
202112010040
202111101820
202201151750
202202121200
202203021450
202202161810
202112221940
202201291840
202201120820
202201260420
202202231250
202201191210
202203021730
202201010050
202204020940
202112290420
202202231430
202111241750
202202021830
202110201250
202204200010
202202050420
202201120800
202203231840
202202121730
202202050720
202112180720
202112180140
202201221030
202112220230
202201290800
202112250430
202202020550
202201051100
202202191750
202112011950
202110230020
202112290820
202204020910
202202160210
202201290610
202201121030
202112080850
202202091700
202111270010
202112290430
202201120850
202201121840
202201190900
202111240840
202201220730
202201290900
202201151050
202201290630
202204021350
202111271230
202112291950
202201120400
202204021130
202201080430
202202231820
202202090300
202201150840
202202051030
202112180800
202202121230
202110201210
202201260120
202201150800
202111100840
202110230640
202202121350
202201260410
202201120630
202204020420
202110231310
202201291000
202202191500
202201290640
202111101600
202202120900
202202051310
202201261440
202112010000
202201290530
202201190340
202112041510
202201221840
202112221740
202203051330
202111270700
202202161000
202112011230
202110231150
202112221520
202112010630
202203021310
202202090240
202202091440
202112080930
202202051640
202202090450
202202051630
202203051140
202111101520
202112291300
202202120440
202201261850
202112181530
202112011450
202201121620
202112181810
202203191640
202111270920
202204020730
202203021910
202203051800
202201081400
202112180650
202112011300
202112250120
202201011240
202202020210
202112181550
202111241550
202204021720
202201291010
202202191810
202112011510
202203021000
202204021930
202202161910
202202091550
202203051420
202111101710
202201261110
202112010820
202201261730
202110230100
202203051920
202202020350
202201221000
202112221920
202112011620
202112040910
202201011820
202203091050
202204020450
202201051420
202111101740
202112291340
202202160320
202111271020
202111271440
202112291540
202201011910
202202190940
202204021730
202201221630
202111241000
202201221130
202112291110
202201050050
202203021420
202110231830
202112011340
202204161640
202201010130
202110200950
202201260540
202201150650
202111100040
202111271700
202204020750
202202231410
202112181520
202112251900
202201151200
202204020340
202201261010
202112011810
202203191950
202202050630
202204161310
202201150600
202203090810
202110201010
202201221100
202201120600
202201191920
202201221640
202110230850
202112221400
202202190530
202201221200
202201121220
202201010710
202203050900
202202121550
202112220310
202202091930
202201220820
202202161930
202204021330
202202161820
202112221650
202111271130
202202230650
202112220510
202111271420
202202121450
202202190910
202204020640
202203191830
202111271720
202112220820
202110230900
202111270620
202202091420
202201261030
202201220610
202201121010
202201150810
202112011830
202201010950
202204200030
202112080050
202112221730
202203021040
202203051810
202111130050
202203191730
202112181430
202112290210
202201011250
202204021900
202112041740
202112011940
202201080350
202112291350
202111241140
202111241410
202204021600
202201080830
202201121710
202202191520
202112011430
202203021110
202202020920
202111101100
202201151300
202112250750
202112220910
202202021930
202201121730
202202231850
202202090530
202202161640
202111271250
202202161430
202112010050
202203231730
202201081640
202202191210
202202191540
202202020640
202204021830
202111101800
202112081030
202112041650
202112291030
202202160400
202201290850
202201010720
202202090330
202112040840
202112251640
202201260830
202202050300
202112290540
202202051400
202202120250
202112011600
202202050450
202112181010
202202121800
202202160700
202201010140
202201191520
202202231500
202201081230
202110201200
202110231010
202202051720
202202120930
202201291420
202202050110
202201080250
202201150520
202111101020
202201150500
202111271600
202203090700
202112041110
202202231920
202202161250
202202190520
202202051240
202110231300
202112290630
202112011240
202112290240
202201290340
202112041730
202203021640
202111271850
202202120610
202201190330
202202091110
202204200000
202110230940
202202191110
202112250130
202112250940
202201080050
202201121400
202203091100
202112180730
202112290510
202201190140
202201011010
202202191220
202202190820
202203051010
202202021850
202112080040
202201010900
202202191620
202202091130
202202090600
202112040920
202112291440
202203191740
202202190510
202111241510
202202160620
202202020800
202112041810
202111270730
202110200010
202202020120
202112290650
202112010920
202203091200
202203050800
202204060050
202111100030
202202190600
202201150110
202112041220
202112221340
202112041050
202201260430
202110230720
202202090540
202112011820
202112041210
202112220520
202201291330
202112040000
202112220250
202203051210
202111271010
202110231920
202201290750
202204160620
202112040610
202201080120
202202121040
202201081610
202110201110
202202020450
202201261810
202201050620
202112250600
202202120710
202201290250
202202051710
202202021240
202201291830
202110200640
202202231840
202204160530
202201151340
202110201100
202203191840
202202051220
202201080940
202204161930
202112040740
202202091500
202112221010
202204021610
202204020530
202111241600
202202121820
202203051510
202204021650
202111241500
202204160720
202204161210
202112080020
202112040020
202112251620
202201010430
202112290450
202111101300
202203090740
202112220140
202204021110
202202231800
202202231620
202112041550
202203191920
202112010010
202112180840
202201120810
202112181030
202201051750
202202051840
202203051820
202201290240
202111101540
202202121410
202112221610
202203020950
202202160250
202112040040
202201081850
202110230730
202204161700
202203021230
202111271210
202110201300
202202120700
202202231730
202201261450
202112040150
202201261640
202203191710
202204020220
202111101340
202202121850
202201150640
202203051940
202112251240
202202091120
202203090920
202201051410
202201261120
202112080730
202112180040
202201190310
202202161240
202202021120
202111241620
202201051210
202203090730
202110200020
202202021410
202202191850
202112010720
202202121130
202202161110
202204160640
202110201150
202112011410
202201120140
202202120310
202111271350
202203090610
202112251950
202203051220
202201150610
202111241150
202204161220
202202120810
202112041450
202202191400
202202091940
202202051120
202202020630
202201081650
202202161230
202204020130
202111241250
202111101250
202203021340
202201011740
202112221930
202112220600
202111241010
202201260530
202201191400
202201081040
202112250400
202201011220
202202051610
202111101950
202201261150
202112180000
202201121630
202203050750
202203021520
202111270120
202201051520
202204021950
202112041100
202111271140
202111271830
202201010730
202202191700
202202190840
202202231830
202204020140
202202231330
202202091620
202203051310
202112180740
202204160710
202112040640
202202231640
202203050430
202203051030
202111241310
202111241350
202112011700
202203051520
202111100940
202111101840
202201290730
202201290720
202112181020
202112010750
202111270050
202204021420
202204021030
202203090940
202202020250
202202191610
202201291520
202111130010
202203021210
202112220150
202111101400
202201261020
202111270750
202202120720
202112080610
202111270810
202201261800
202203021240
202112040720
202201151440
202112250920
202112181500
202201150700
202202191130
202112221540
202112291510
202202121120
202201050500
202204020700
202111101830
202111270720
202202120520
202202090910
202203050700
202202021440
202112010950
202203021150
202202051410
202202190800
202110200800
202201190240
202201190820
202203021700
202201081700
202204020400
202112291420
202201260910
202202091710
202201081820
202201261720
202201010200
202202021600
202112041910
202111241120
202111271820
202202161700
202112181750
202111101810
202110201050
202201220620
202202120200
202203050650
202203091240
202112220750
202112221350
202112251710
202202190230
202201221230
202111241100
202110231820
202202231710
202112291530
202202191530
202201080400
202201050100
202204020810
202202191300
202201051910
202201221610
202201121340
202202160730
202112041140
202204020850
202201220440
202201191500
202202051420
202203051200
202112251010
202202050820
202202020100
202112041340
202111240900
202201151710
202202160310
202112181900
202201011850
202202190540
202202050700
202202020810
202203051120
202112221140
202112181650
202202191350
202112251520
202112011200
202110200940
202201261330
202112251850
202112010110
202203051410
202202050340
202112291900
202203021300
202111100630
202201080220
202202120750
202112220420
202203051230
202202191640
202202160430
202111240110
202201290650
202112220450
202112221250
202202121330
202112041540
202202090310
202204021740
202201151800
202202230550
202202230430
202201261700
202201260750
202202161300
202112251310
202112250050
202112180610
202110200920
202202050920
202112080750
202201080950
202201291940
202202160640
202202021150
202111241020
202112041530
202111271000
202204020330
202202161920
202203051040
202201080530
202202051330
202111131220
202202091450
202202051000
202112291150
202201150430
202201290140
202202121240
202111101150
202112290500
202112251530
202204160550
202111240930
202111100910
202201150540
202111270740
202111101440
202202121750
202201011030
202112041430
202202020950
202201080730
202201051310
202204161130
202202230540
202202091340
202201081320
202112251500
202112221830
202202020600
202202051800
202202120120
202111241700
202201010910
202201291250
202201290450
202201010110
202112040950
202112291550
202201260720
202112040120
202201120500
202111241920
202112251700
202112221510
202202161150
202110231200
202112181820
202201150420
202110231110
202204021710
202110200710
202112181830
202203050930
202204161750
202201221330
202112251550
202201080750
202201011720
202201261820
202202090200
202111271200
202112251030
202202050640
202202020730
202112250810
202201051440
202111131850
202112290700
202111241740
202204160510
202201291340
202201081740
202201080320
202112220240
202112010650
202111101200
202202160510
202202091020
202112251420
202202161710
202201080720
202201220810
202202050510
202112220830
202201290740
202204021310
202201010500
202201150630
202202160220
202201051230
202201221040
202201081730
202111240710
202201150050
202110200720
202202231440
202202231650
202201291920
202112250850
202202190100
202202091210
202112041600
202112251810
202112220840
202202191030
202202190700
202201080510
202203231740
202111101240
202111271800
202112251740
202203051830
202111240650
202202020310
202112290730
202203050420
202112181700
202111270000
202201260940
202201151000
202201151240
202201221820
202201010350
202110230620
202112010810
202201051850
202112250110
202201291100
202112080720
202111170010
202203051550
202112291830
202202230420
202201011900
202112180110
202111241400
202112251000
202202120500
202201221250
202201291440
202112040810
202201120230
202111130000
202202050910
202112011630
202202120100
202112011100
202201151020
202112291930
202202190500
202201010210
202112291330
202201291030
202202160530
202201120610
202111101450
202204021100
202202161630
202112080820
202111200010
202112180120
202112250140
202112040110
202112080640
202112221800
202202161330
202111241110
202111101910
202112040650
202202121320
202202020520
202111241450
202202090140
202112040700
202204160630
202202160330
202201261610
202202230530
202111101310
202201261300
202201290620
202202161520
202112250610
202112041330
202203090520
202111101410
202201261400
202112291140
202202161320
202201220520
202204021120
202201120100
202112290220
202202091540
202112291740
202201260550
202202050530
202201260110
202112220100
202201051650
202112250100
202111200020
202201081750
202201191800
202201260130
202201120840
202202120400
202202090610
202111271430
202112251210
202203050410
202110231640
202201081540
202203051300
202201221150
202112291610
202201221830
202201260630
202111240750
202111270150
202111101420
202201121740
202111100100
202202090840
202202121840
202111241050
202202091330
202202231340
202202090800
202203090750
202202051530
202112221330
202201221010
202203191530
202202160920
202204020350
202110231730
202202191150
202201191710
202201260510
202110231720
202201261650
202202121050
202112080150
202201221720
202202120110
202201121150
202112041610
202202091820
202203090540
202202121700
202202051150
202202090110
202202090750
202201151110
202111240950
202203021750
202201081940
202112221310
202202090230
202201010600
202112251440
202202090100
202112150010
202112080010
202202191120
202112290720
202202161950
202112010800
202112181100
202110200100
202204020150
202111271610
202203231710
202201120150
202112250900
202112221130
202201260840
202111240920
202202231600
202201081830
202111101920
202203050910
202202161440
202203021220
202110200650
202201080330
202202120350
202201291800
202203090650
202112081220
202202050330
202201010150
202112040850
202202160720
202201220640
202201151720
202201291430
202202021350
202202050410
202112250710
202112220130
202202231720
202202191900
202201121320
202112290330
202112221050
202201011140
202201261210
202201081720
202201191850
202201191930
202203021050
202112011650
202202191820
202201121920
202201050530
202203191620
202202121100
202112220320
202202120230
202112221900
202203090530
202203021800
202112011320
202203021930
202112011610
202203051840
202204161720
202112041940
202110231750
202204020540
202112220500
202112181800
202201050540
202112181740
202201220500
202203090110
202202160650
202112041620
202201220800
202203091230
202111271050
202112011720
202202190140
202201081620
202202230300
202202230510
202112080030
202202091750
202201011100
202202191950
202202091840
202112150030
202111241810
202204020650
202202051110
202201291540
202111241300
202112221850
202203090840
202112221000
202201081110
202203050630
202112011150
202201191040
202202091920
202201011810
202202090710
202202120220
202201291410
202202050220
202112041720
202203051430
202201010100
202202121250
202201081100
202111101530
202202231810
202202020300
202201010440
202202090520
202201051820
202201121610
202202191650
202201081120
202202231530
202202191510
202202230520
202112220120
202202191140
202202050350
202202190740
202202051350
202202120510
202111241730
202201010700
202111271750
202111241530
202204161810
202201151640
202201291300
202202231420
202112251630
202112250350
202201150850
202202160200
202203091150
202202191840
202201151840
202111241330
202112291130
202202161750
202202020650
202110231700
202202161620
202202051040
202204161800
202201051940
202202160600
202112181110
202201080520
202201120650
202110200000
202202160230
202202051510
202201051810
202112040130
202202090500
202202020240
202202121310
202201150920
202201081020
202201080130
202202121000
202202160710
202202050650
202112181220
202204161710
202201080820
202203051910
202112080710
202203091040
202201190840
202201190300
202201290550
202201151850
202202090820
202111240000
202202121430
202204161900
202202091030
202201121600
202201220710
202112041830
202202231630
202111271510
202201191650
202201260520
202202021920
202201050630
202201150130
202202121510
202201191240
202112250730
202203191550
202201220900
202112290550
202201261540
202112221910
202201291510
202202191800
202111101110
202201151700
202112291500
202203021010
202202051550
202201190940
202111101550
202202120820
202110231710
202203021550
202203191700
202202050210
202112221200
202201121230
202112221500
202112040620
202112041750
202110200930
202112251300
202112291410
202112011330
202111131700
202201120200
202201291320
202201261930
202204020110
202201221320
202112251830
202203090100
202201121330
202110231900
202201080930
202112011350
202203090550
202202090900
202202021900
202201190200
202201290820
202201191300
202201120940
202202121610
202110200830
202201051300
202111100700
202112250320
202202191330
202201261710
202112290310
202112180930
202112181450
202201261240
202202091800
202112291750
202202091740
202201010850
202112251920
202112041710
202201010420
202112011250
202202160930
202202231220
202202121540
202202021810
202112011000
202202190730
202202121810
202110200630
202111101120
202110231240
202202090120
202202091350
202202160100
202112220740
202202121740
202201121830
202201080810
202202021820
202203191930
202112220730
202204021430
202201051600
202111240010
202202190200
202112220330
202201291120
202112250700
202202160520
202201151130
202112221040
202202160150
202112250200
202201081840
202112010020
202201010750
202112221600
202201260800
202204021750
202201291150
202202231900
202202230640
202202230230
202201121130
202112251040
202111101330
202201121430
202111271530
202112251730
202112011030
202202020130
202202120640
202202020230
202202160110
202203090720
202203051500
202112290940
202112290830
202201120210
