202204130400
202108090120
202108240000
202108211710
202108110120
202108041750
202108020920
202110021620
202108301420
202108021720
202108030450
202110021940
202108180430
202108071020
202110091950
202108241920
202108011610
202110061010
202203120520
202108290730
202108120850
202108090320
202108311550
202108130240
202108090530
202108231340
202108051000
202108290910
202108210540
202203261000
202108200850
202203260540
202108101720
202204130320
202108221050
202108181530
202108300820
202108261820
202108190040
202109040920
202108060250
202108131550
202109110910
202108260020
202108170720
202109291220
202108230050
202109010140
202108191550
202109290820
202108040130
202108040750
202108071540
202109221020
202108081630
202108200550
202108211830
202110021630
202109041400
202108220140
202108241930
202109221910
202108030220
202108110830
202109040850
202109151010
202110090840
202109291300
202108011730
202108030530
202108220150
202108021750
202108070320
202204130230
202110091810
202108300910
202109111230
202108061030
202108241620
202108121610
202108210510
202108210810
202108091720
202108210730
202110160820
202203120220
202108110930
202108170930
202203260300
202108201020
202109220620
202108100710
202110091340
202110160110
202108180320
202110161700
202108010320
202108261130
202108101700
202109291200
202109081500
202108221950
202110131930
202108081110
202108120210
202108241650
202108100620
202203120730
202108051700
202109291540
202108211850
202108030840
202108051540
202108030700
202108090140
202203120920
202109110900
202109150730
202108140920
202108251800
202108170750
202108261640
202109040740
202109010950
202108010740
202110130800
202108051900
202110090900
202108030110
202110090710
202108060440
202108180700
202108221900
202108181840
202108090500
202108030010
202108041100
202108221300
202108101610
202109291430
202108100450
202204231950
202109221350
202108260000
202203260800
202110131540
202108221410
202108230800
202108060520
202108200640
202108200320
202108281610
202109041500
202110061720
202108100830
202108310940
202203120540
202108051740
202203121330
202108251830
202109291740
202109290920
202108010250
202108160930
202109221040
202109151800
202108070930
202110021310
202109011000
202108050650
202108030810
202108231150
202204201550
202108080640
202108221500
202109111000
202110131510
202108241520
202108020130
202108080900
202110021930
202109290150
202108210250
202109111430
202108051010
202110020940
202108311020
202108181950
202108200830
202108021540
202109180100
202108261540
202109290730
202108021610
202109110950
202108181800
202203120830
202108080110
202108101630
202109291530
202109010830
202108300850
202108121550
202108100100
202108071530
202108040200
202108161930
202108091800
202108250700
202108080330
202108290800
202108190850
202108231810
202108071640
202110130830
202108091950
202108020420
202110090130
202108280740
202108211550
202108050950
202108221820
202109150950
202110160810
202110021120
202108081010
202110060830
202110130850
202108090810
202108231920
202109290700
202108211930
202108230120
202108041920
202203260240
202108280110
202110021010
202108020150
202108161600
202110131600
202108170310
202108221640
202110131330
202108101800
202108160910
202108040730
202109221940
202108101750
202109181450
202110130910
202108261200
202110091530
202108040110
202108241810
202108200810
202108261610
202108170130
202108021020
202108030400
202108300830
202108210000
202110091430
202108090020
202108231550
202109011020
202108260820
202109290910
202108060100
202108040400
202108241430
202108011750
202108191750
202203121350
202108091640
202108311350
202108180420
202109220030
202108260700
202110020840
202110021710
202108100120
202109041540
202110091820
202108250850
202108030430
202108230850
202203120910
202108281040
202108200010
202108200930
202108241540
202110020130
202108221240
202108010520
202109250150
202110160750
202108191810
202109111610
202108010230
202108181850
202108040140
202203121150
202108050320
202108041700
202108231530
202109180910
202108190310
202108231500
202110130610
202108050010
202108200230
202108240610
202108040720
202109221600
202108140740
202109150150
202108241720
202110130120
202108050250
202108011940
202110061950
202109111910
202108201640
202109151840
202108201850
202109180930
202109150940
202109220110
202203261050
202108211620
202109111540
202204130330
202109221500
202108271540
202108010930
202110160030
202108311600
202108261010
202108251730
202108210010
202108191950
202108021710
202109291400
202108291620
202203120720
202108281010
202108070900
202108051650
202108290900
202108030720
202108110220
202109221530
202108080530
202108191540
202108021600
202203260130
202108251650
202108051530
202108110840
202110090720
202108281310
202108050840
202110020820
202109291140
202109221850
202108241230
202110130930
202110091650
202108041620
202108190150
202108280910
202109180830
202108260120
202203260650
202108090920
202108090950
202108200300
202108040510
202203260910
202110090800
202108231110
202108280730
202108080100
202108031810
202108281950
202109220920
202108260720
202109010810
202108050110
202110161010
202108291610
202110130810
202108201650
202108241410
202109111930
202108260610
202108181640
202110091710
202203260630
202108011030
202108100900
202108080840
202109010750
202204201630
202109180840
202108170840
202108190020
202108070430
202108041610
202108281540
202108260940
202110131810
202108021000
202108010810
202108231450
202110020800
202108231230
202108181000
202108221020
202108201110
202108290150
202203260050
202108030930
202108271620
202108070200
202203261020
202108090340
202108091040
202108221910
202108081610
202108241210
202108261350
202108170920
202108071010
202108210220
202108131530
202108031010
202108271350
202108110110
202108081540
202108010620
202109081630
202108221510
202108261240
202108180220
202110091630
202108020730
202108170110
202108181810
202108210150
202108221220
202108020850
202108040340
202108080220
202109151850
202108060500
202108231300
202108041950
202109291940
202108251410
202108120250
202108140900
202108200410
202108241130
202110090910
202108230830
202108070950
202108220950
202108161940
202203120330
202110021220
202109010730
202109110710
202108071050
202108201810
202108100500
202108040820
202108261730
202109111310
202108110420
202108130250
202108100150
202108021940
202108120950
202110020150
202109111200
202108261840
202109291750
202108261300
202108290120
202108250140
202108081040
202108291600
202108261630
202203121300
202110160740
202108190340
202108261100
202108010220
202109180820
202108231540
202204130300
202109011540
202108290940
202108170340
202108040150
202108251640
202108190810
202108261420
202108050050
202108031610
202108240910
202109081930
202108200330
202108021620
202108120900
202203121440
202108080340
202110130050
202108031850
202110090050
202108090240
202109011400
202109291410
202109291040
202203120600
202109151320
202108280010
202109151450
202108280930
202108070810
202108050310
202108290840
202108190100
202108161910
202108120220
202108200700
202110131310
202110091900
202108100650
202110131020
202203121600
202110091200
202108010110
202108040410
202110021810
202110090100
202108040700
202108251300
202110160730
202108091650
202108101710
202108100520
202108080440
202109220120
202110130920
202108311530
202108241710
202108221610
202108140850
202110161540
202203260900
202108100600
202108091930
202108051630
202108070700
202108011040
202108270000
202110061830
202108231310
202108260050
202108020250
202108251250
202108231850
202108081910
202108030050
202108221200
202108220710
202108140940
202109151810
202110131800
202110091350
202108200900
202108090930
202108181940
202108220840
202108211910
202108010700
202108231020
202109010920
202108220920
202108080810
202108011640
202108200040
202108050630
202110091100
202108020220
202108030140
202108250030
202108191930
202108120320
202108250800
202108220040
202109291720
202108120330
202108201620
202108181750
202110091730
202108020320
202108091600
202108101650
202108040540
202108101110
202108070830
202108010730
202108031700
202108251340
202109081940
202109041640
202108091750
202109111400
202110021440
202108240700
202108200220
202108221830
202110091500
202108081600
202110091800
202109011430
202110161250
202109151710
202108041710
202108210710
202108110920
202108170330
202109291820
202108281550
202108210530
202108261030
202108221350
202108120920
202110060900
202109221030
202110161230
202108261050
202203121020
202110161210
202203121610
202108090910
202108200910
202108030950
202108030200
202108230700
202110091330
202108080720
202109291600
202108281430
202108090620
202108181540
202110021950
202110130730
202108231350
202108041730
202108070450
202110021020
202108250050
202108191830
202109181400
202109221450
202108271450
202108230110
202108180730
202108101950
202109180940
202108080150
202108310800
202109081330
202109221610
202110091420
202203121010
202109111020
202109010840
202108221520
202110021200
202108051840
202108051850
202108081920
202108071940
202110021350
202108260140
202203260600
202108290930
202109220650
202108161550
202108141000
202108310930
202108090630
202108081550
202108191610
202203260710
202108041810
202108031050
202108090540
202108070740
202110160640
202108241020
202108290720
202109181540
202110061930
202108101900
202110091240
202108211800
202108090010
202108270020
202108060240
202109111450
202109291650
202108061010
202110021150
202108251210
202109041510
202203120420
202108221800
202109151630
202203121410
202108221540
202108101940
202108281630
202108090220
202108310920
202108260830
202108040800
202108031820
202109250110
202108170900
202109290000
202108190320
202108011020
202109041520
202110091010
202110130030
202109291310
202108231720
202108291530
202110161200
202108211530
202109081410
202108050210
202109220940
202203121340
202108280750
202109181550
202108111620
202109041430
202109221420
202109111350
202108021920
202108190610
202108280050
202109010740
202108250750
202108070120
202110131030
202108021830
202109111640
202108191720
202108181830
202108240820
202108191900
202108200450
202110091250
202109041450
202110161600
202110091940
202108251150
202110131850
202108201600
202108031650
202108070840
202108190220
202108211810
202108170210
202108020740
202108060110
202108090610
202109081640
202108080240
202110131550
202109180130
202108100420
202108090200
202108070420
202203121120
202109111940
202204201540
202108020230
202109290020
202108220850
202108171540
202108220640
202108280000
202109221950
202110160140
202108061020
202108221130
202108291520
202108160820
202108201530
202108040840
202108041650
202108051610
202109290040
202108041720
202203120230
202110130900
202203261150
202108201010
202108241610
202108250650
202108090520
202108280720
202108040040
202108021850
202108260030
202109181000
202108200400
202108030250
202108020440
202110131700
202108170730
202108070150
202108090300
202109220610
202203260100
202108230820
202109040140
202110021830
202110160720
202109111210
202108070720
202110061840
202110090920
202108201750
202110130140
202109150820
202109041410
202110130000
202108210550
202108190540
202108120200
202108071040
202108100140
202108011910
202203120300
202110091740
202108221630
202109291230
202110130640
202108250920
202108101530
202110020950
202108201610
202110130040
202108241950
202108080920
202108261750
202204130310
202108161530
202108311610
202203121110
202108261450
202108271400
202109181440
202108110350
202108031920
202109150920
202109181600
202110160040
202109151350
202108021650
202109011530
202108190250
202108110240
202110131450
202108241500
202110160950
202108111010
202108051710
202109010620
202108130220
202108241700
202109110750
202108230620
202108040740
202110131350
202108011920
202108200310
202108190640
202108060220
202108050420
202108161650
202108091810
202109111250
202109110940
202108281440
202108241740
202110021250
202109291110
202109180110
202109220750
202108010650
202109040610
202108050930
202110091550
202110131610
202108030830
202109290110
202109041630
202108050410
202108221550
202108070410
202108221600
202108221810
202109220640
202108190410
202110090950
202108110150
202108051800
202109151940
202108040320
202108220130
202108190630
202108170410
202110091300
202108251000
202108261650
202108211840
202110060920
202108231730
202110161330
202108051920
202110131430
202108080120
202108051640
202108110140
202108021050
202109220150
202108201700
202108071030
202108081830
202108041930
202109220710
202108120800
202108080750
202108030850
202108180850
202203261100
202108090740
202110131010
202108210610
202108070230
202109151610
202203121000
202108071000
202108220940
202109111520
202108271120
202203121400
202108100320
202109010650
202203260440
202110130630
202110091150
202108250630
202108030620
202108221100
202108010530
202108260800
202110021100
202108200800
202108251230
202203120440
202108021040
202108031910
202108231750
202109040910
202109041610
202110090750
202109290950
202109041050
202108050130
202108080820
202108190750
202108021740
202108261020
202108240750
202110160850
202108270120
202108011600
202108260110
202110130820
202108311000
202108251020
202108170820
202110131920
202108191850
202109220720
202108050040
202110130100
202108280140
202109041040
202108100330
202108010940
202109180800
202108121530
202108190620
202110091540
202110091410
202203121100
202109250120
202109111300
202108161620
202109221630
202109151720
202110021820
202109151540
202108191800
202110021140
202110130110
202109011320
202108271310
202108110200
202109011500
202108190330
202203121540
202108100410
202108180240
202108051930
202108280610
202108190500
202108251940
202108280820
202109291850
202108090040
202108170320
202109151650
202109290620
202109111650
202108080410
202108210800
202109220950
202109290800
202108080830
202108091910
202110091750
202109181620
202108010910
202108170140
202203121630
202109290750
202108200630
202108111600
202109111600
202108030330
202108041040
202108190650
202108100750
202203120810
202108240840
202108110130
202110090120
202203121210
202108230730
202109040130
202108201920
202108010420
202108011950
202203261130
202108191000
202110090620
202108280130
202108251750
202108100230
202108190210
202204130240
202108041550
202109111320
202108220000
202108170200
202108080310
202108161640
202108180330
202108020200
202203260450
202108250120
202108050730
202203120130
202108010200
202108270140
202108201030
202110161040
202108091830
202109221400
202108051600
202108021110
202203121700
202108271510
202108211600
202108250110
202203260140
202110021720
202110160710
202110161030
202108220730
202109290650
202108251450
202108080930
202108310900
202203260410
202108191730
202203260150
202108101740
202110130020
202108020400
202108100210
202108080700
202108060430
202110090810
202108240800
202108261250
202108180250
202108210100
202108231050
202108040900
202108161610
202108140950
202108060130
202108030000
202109291950
202108310820
202108020110
202108181710
202108040940
202108191650
202110021000
202110161730
202108241200
202108050340
202108241010
202108080540
202108261950
202108060120
202110021040
202108201540
202108040230
202108241120
202109041650
202108221530
202108161950
202110130840
202108051030
202108050800
202108230840
202108311400
202108040610
202110161220
202108040310
202108270050
202108200950
202108221400
202108271040
202108060400
202108230810
202203260200
202108080400
202110090640
202110131000
202108210440
202108070110
202109221900
202108231510
202108300800
202109180740
202108280100
202108231630
202108180300
202108101640
202108290110
202108281410
202108261040
202108190910
202108261850
202108271130
202110090110
202109291910
202108290100
202108211820
202109041330
202108191840
202108251820
202108260920
202203260840
202108080130
202109291620
202108210520
202109221550
202108051040
202108181820
202108200720
202110060940
202108251110
202108231040
202108241300
202203260930
202108190530
202110090150
202108030100
202108260950
202108030710
202109291640
202109221540
202108221250
202109221310
202108230150
202108080610
202108140800
202109041000
202108280840
202108080350
202203260700
202110160620
202110091920
202108251810
202108031630
202110091120
202108200920
202108050700
202108290140
202109151430
202108020800
202110021210
202110021420
202108060050
202108100950
202108020810
202108020100
202108050330
202108231030
202108031040
202108261140
202108250740
202108051730
202108100220
202204201610
202108171530
202108261430
202108040500
202108071910
202108040250
202109291000
202108280700
202108100800
202110160800
202108200130
202108260930
202108101040
202108230130
202108190130
202108220700
202109151730
202108030230
202108200840
202203120710
202109290120
202108221150
202110021540
202110091620
202108220720
202108021640
202108310850
202108261150
202108210030
202108180750
202109221410
202108251310
202110131530
202108010140
202109081430
202108240630
202110021510
202203120120
202108231410
202108240830
202108011650
202108190350
202203121650
202108050510
202108261800
202108010450
202108250720
202110160930
202108071100
202203120240
202108120150
202110021850
202109041350
202108260630
202203120610
202108261230
202108231400
202108080940
202108060310
202108081100
202110020730
202108051950
202109081350
202108200440
202109081950
202110091830
202109151550
202108091630
202203121050
202108311510
202108290830
202108251500
202108020830
202108181600
202109221810
202108011840
202108201100
202108021530
202108030320
202110131410
202108040330
202108120820
202108051110
202108100630
202108081710
202108050440
202108050820
202108240810
202108301410
202108280810
202109220840
202203260640
202108241040
202108251240
202204201620
202108030550
202108071630
202108051620
202108020750
202108041630
202108200510
202108190740
202108251930
202110021800
202203261110
202109151740
202203121430
202108230650
202108241640
202108010630
202108201930
202108080430
202109041530
202108221750
202109081900
202108080550
202108191920
202108040710
202110060150
202108081900
202110021330
202108261210
202108241510
202108111540
202108180720
202109041420
202109290940
202108170250
202108101730
202110021550
202108251550
202108190440
202108170740
202108060230
202108230020
202108310910
202108110410
202108181720
202108091940
202109151620
202108250010
202108020910
202108311500
202108101910
202108181910
202108100930
202108240650
202110160840
202108080250
202108251320
202108230750
202109151910
202108051910
202203121550
202108161540
202109080150
202108251030
202108241350
202108221920
202108170240
202108070940
202109040110
202110020750
202108041010
202110020850
202108211740
202109220000
202108091050
202108231200
202203260430
202110060130
202108091620
202108010100
202109220050
202108210050
202108251920
202108280030
202108110750
202109110920
202108190240
202108251910
202109111440
202108110400
202108190600
202108110310
202109151600
202108120420
202110091310
202108100640
202108251720
202108280920
202109080100
202108140830
202108070300
202108251610
202109221520
202108261340
202110090000
202108210500
202108011700
202108070310
202108221430
202108260730
202108091110
202109221320
202108210310
202108170400
202108251120
202108030030
202110161720
202108281000
202108140840
202108090750
202108310140
202108220100
202108260840
202109181500
202108030740
202109041300
202203260950
202203261140
202110160650
202108201040
202109291550
202110090850
202108260710
202203120430
202109290610
202109150140
202109040840
202108261320
202203120200
202108241340
202108110850
202109181610
202203260620
202108290950
202108091850
202110131740
202110061750
202108190420
202109221840
202108300840
202108261550
202108231910
202108261110
202108281600
202108100030
202203260110
202108051820
202108071600
202108300150
202109081520
202108301430
202110061730
202109221000
202110060910
202108231610
202108070350
202108161010
202203261010
202108191820
202109151310
202108210140
202109040100
202203120640
202108050900
202203260420
202108010600
202108230030
202110161300
202108041840
202109010710
202108090030
202108251850
202203121510
202203261210
202109011330
202108010710
202108010750
202108010830
202108231950
202108220030
202108251350
202108051720
202110061910
202108200050
202108210350
202108010120
202108040950
202108180450
202109151410
202108070400
202109181430
202108050430
202108241310
202108270110
202110090610
202110020140
202108101920
202108270030
202108070850
202108191630
202108031640
202108230630
202108271320
202109041340
202108110430
202108071920
202108241900
202108060200
202110021130
202108051100
202108121600
202108300810
202108010210
202108120930
202108030130
202108240950
202108070250
202108251620
202109010150
202108300900
202108181550
202108281930
202108190840
202108261410
202203120820
202109040150
202109011350
202108241940
202108231830
202108280040
202108231420
202109151330
202108251900
202110131950
202108191010
202108200430
202109041030
202109151820
202108311330
202110060120
202108091100
202109291350
202108050620
202108031530
202108210130
202108231840
202108301440
202108120350
202108071610
202108180410
202203121040
202108101050
202108220020
202203121450
202109291210
202109220830
202110160610
202109220020
202110021610
202108090150
202108190710
202109150930
202108200200
202108200710
202108230920
202203260500
202109040750
202108011800
202109151420
202108020330
202108041830
202109221050
202108171000
202108181630
202109010900
202108080450
202108300920
202108060330
202109040950
202108100240
202108060340
202108050810
202108251510
202108190930
202108261440
202108210750
202108040930
202108281400
202110131620
202110160120
202110131940
202109010800
202108090900
202110020830
202108231220
202108021030
202109151510
202110091930
202108091900
202109111340
202108241220
202108050520
202109221830
202108231600
202108181730
202203261120
202109180750
202108221420
202108120230
202203260920
202108231120
202108250900
202203121420
202108090210
202108220910
202109110810
202108100310
202108031030
202108211640
202109111240
202108181700
202108181930
202108240730
202109291610
202109040700
202108201730
202108041900
202110131300
202108310840
202108310150
202108221230
202109220040
202108090700
202108241250
202110160830
202110131420
202110161120
202203120350
202108101030
202108091550
202109151920
202203260530
202108040550
202108231240
202110161620
202108031620
202109150740
202108281520
202108020140
202203260120
202108220050
202108180950
202108251330
202108050100
202109151000
202108290810
202203260210
202110060840
202108121000
202108060040
202109220700
202108271330
202203261030
202108060420
202109111220
202108241820
202108211650
202108261530
202108210040
202108091920
202109010630
202108060210
202108171010
202108200210
202109291050
202110021650
202108091820
202108190720
202108090110
202109221440
202108120910
202110161630
202108010410
202108180230
202110090820
202108271300
202108220610
202108211610
202203121320
202108061000
202108081050
202108301510
202108210640
202110021730
202108240940
202108241800
202109041950
202108090420
202108081820
202110161140
202108091710
202108280620
202108050830
202108090640
202108080320
202108190000
202108181650
202108281640
202108031110
202204231910
202108261720
202110091040
202108011550
202108181740
202108251100
202108190820
202108250730
202108041030
202110020110
202108101930
202109220930
202108050240
202108110940
202108220900
202109250130
202108260150
202109081650
202108051050
202108050400
202108010150
202108190450
202108221850
202108180130
202108030730
202108080520
202109290720
202108010550
202109151640
202108010800
202109150750
202108061950
202108011530
202108011540
202108271600
202108250910
202110021740
202108210650
202108030800
202108280020
202108191530
202108121540
202108091840
202108170940
202110091230
202109111620
202108090130
202108201900
202108050450
202108010950
202108031540
202108180120
202109151830
202203260340
202108301550
202108291550
202108061050
202109180150
202108240900
202108170300
202108311420
202108230610
202108031750
202108100820
202108221110
202203120250
202110061820
202109081320
202108110910
202108250000
202109081610
202108040620
202108081950
202108130230
202108230900
202108271420
202108161000
202108010350
202110090930
202108090230
202108041050
202108090330
202108271430
202109110830
202108181620
202110161320
202108191030
202109011010
202108270040
202203260400
202110091220
202108030920
202108240050
202108301540
202108271440
202109180920
202108090550
202108190400
202108310740
202108041600
202108250620
202108030610
202108060000
202203120510
202108011710
202108311520
202108100110
202108221310
202110161810
202108221740
202108310720
202108040920
202108030540
202109291440
202108271050
202108251630
202109111150
202109081620
202203260740
202108040640
202108301520
202108180140
202204231930
202108241100
202203120340
202109011510
202109220820
202108241240
202109180950
202110090830
202108251400
202109150840
202203260330
202108200110
202108040300
202109111040
202109110930
202108270010
202108021820
202110161400
202110131900
202108181050
202108190950
202108021010
202108260810
202108140930
202108030300
202108301450
202108110100
202110060950
202108240140
202108241150
202108261930
202108200030
202108200650
202108101000
202109011440
202108230720
202203121530
202108241850
202108280950
202110160050
202108311430
202108030150
202108190700
202108101020
202108130300
202108251040
202109111330
202203261040
202108020720
202108261000
202108050850
202108201720
202108060320
202108050550
202108021100
202108071650
202110020930
202110091130
202108120340
202108311340
202108291630
202108030520
202108201800
202108041820
202108060950
202108030640
202108210330
202109081920
202109040800
202108281940
202108241450
202109290640
202108081730
202108010130
202109150850
202110130750
202109151950
202108280850
202203121140
202109181330
202108160810
202109111950
202108110340
202108281330
202108210740
202108190140
202108240120
202108181920
202108100940
202108060010
202108030900
202108250640
202108251050
202108081720
202108090600
202109291010
202108250930
202108091030
202110020910
202108040850
202108111550
202108271640
202108031840
202110161550
202108190900
202108251710
202203120310
202109220630
202110160130
202108290740
202203260350
202110091640
202108261220
202108011720
202108260130
202110091850
202108130310
202108201050
202110090040
202108090310
202109221820
202108010400
202109040720
202108040450
202109081400
202108200610
202108080210
202203120950
202108180110
202108101540
202108050540
202108040520
202108170830
202108261740
202108280900
202203120450
202108040810
202108030310
202108210430
202110161800
202108281620
202204201600
202108280150
202108200940
202108100700
202108031100
202108120140
202108030420
202108240030
202108040210
202109291830
202109220850
202108190940
202108050500
202108070750
202204231920
202109081450
202108031600
202110160900
202110090650
202108111000
202108051550
202108020840
202108010850
202108081020
202108270100
202110091020
202110131720
202109290010
202108241550
202108100340
202108071950
202108071620
202108230010
202110090940
202110020120
202108170850
202108261310
202108221620
202108271530
202109151900
202108191640
202108200740
202108281500
202108180440
202108260850
202110020920
202108241830
202109110730
202108201840
202108021840
202108251520
202109111030
202108050910
202108120810
202108030820
202109040940
202108251140
202110091520
202108240920
202109291920
202108030410
202108011050
202108201740
202108190030
202109010930
202108261400
202108231440
202108030630
202108231010
202108241140
202109081440
202108080730
202110160940
202110091210
202108230950
202108271550
202108041110
202108031550
202108031000
202109220130
202204130250
202109221920
202110061740
202108110330
202108031830
202109151020
202108100130
202108200140
202203120900
202108050350
202109151300
202109081540
202108211730
202110090740
202108101620
202108050640
202108310710
202110061940
202108050000
202108190830
202109220910
202109290050
202110160100
202108231250
202108240740
202109010940
202110131400
202108050920
202108231520
202108211720
202203120110
202109291100
202108290920
202108090250
202109290030
202108060410
202108241910
202108250610
202203120840
202108070240
202108190300
202108190430
202108100530
202108220110
202108260650
202108080950
202109151440
202108090430
202108030040
202110060140
202110161310
202203260830
202108070210
202108020340
202108040420
202204130350
202108040530
202108040010
202203121130
202108191710
202108060030
202110061810
202109081510
202108310750
202108090850
202203260550
202108241320
202108010540
202110020810
202108220820
202109041550
202203120930
202108241420
202108221000
202108200350
202110161610
202110161410
202108200240
202203121240
202110130720
202110131910
202108201940
202108210200
202109010640
202108231000
202108280120
202108011630
202108230910
202108070140
202108210320
202110130650
202110021400
202108010240
202108230000
202109291510
202110091030
202110021030
202108241750
202108191940
202110160010
202110091400
202110091700
202108271650
202108010720
202108100810
202203260510
202108050600
202108221210
202108130320
202108251440
202203120650
202108220930
202108021950
202108101550
202108171030
202203260220
202109110840
202110161020
202108040630
202108241840
202109220810
202203120150
202108110810
202109041620
202108161630
202108180150
202108170950
202108101600
202108261810
202108041740
202108200250
202108070730
202108100550
202108140750
202110021300
202108020900
202109221800
202108290850
202108090720
202108221320
202108250950
202108070920
202110161000
202108201950
202108210020
202108100540
202109010820
202109250140
202108081840
202109221330
202109151530
202108190010
202108261330
202108050200
202108211750
202108310950
202108260040
202109290830
202203121250
202108220620
202108010330
202109180810
202108201550
202109111500
202108311440
202108160850
202110091510
202108170910
202110161740
202110161650
202108301500
202109291710
202108120840
202108231320
202108251010
202108250830
202108170430
202108020940
202110160150
202108080740
202108281320
202108030120
202108200420
202108090840
202109111550
202110091440
202108180820
202108311540
202108080140
202108110720
202109111420
202108091540
202110021520
202108120830
202108090710
202108021800
202109291340
202110020720
202108200730
202109110800
202108020430
202204231940
202108200540
202108060350
202108211940
202110161150
202109221510
202203260250
202108081650
202108110950
202108040830
202108250020
202108211900
202109290900
202108281420
202108240020
202108011740
202108010610
202108231930
202108200820
202109291330
202109181510
202108210600
202203121200
202108200020
202108091020
202109221300
202108301600
202108210450
202108190200
202108050140
202109151400
202108240640
202108050150
202108091530
202110061800
202109181410
202108251740
202108261120
202108220810
202108090800
202108230140
202110130940
202110161100
202108310120
202108180830
202108051940
202108131540
202109220100
202110161340
202108100610
202108191110
202108210700
202110161050
202108230740
202108280830
202108231710
202109010610
202108080500
202108040440
202109181340
202109081600
202108251600
202108230710
202108191040
202108221940
202110021900
202108110440
202108071930
202110021320
202108100510
202108080420
202108200340
202108100040
202108080620
202108101010
202108221440
202108240100
202108120940
202108210620
202108050940
202108180900
202109010910
202108060300
202108201000
202109291930
202108090440
202108221930
202108120410
202110061920
202108260750
202108231900
202108031940
202109041320
202108241730
202108160840
202109081910
202108030750
202108110210
202108020310
202108211920
202108190120
202108051750
202108190510
202108120310
202109181010
202108100250
202108070130
202108050220
202109180120
202109291630
202109041310
202110061000
202108251530
202108031950
202108231800
202108230040
202108230940
202109151500
202108021700
202203120500
202108180350
202108090510
202108081030
202108210410
202108031020
202203260730
202108100850
202108110800
202108080230
202108240110
202108251200
202109111510
202108100050
202110131650
202109151340
202108231620
202108070710
202108190550
202108090450
202108270150
202108100730
202110090630
202108080200
202108240710
202108010430
202108041640
202108221040
202110090730
202108060510
202109220900
202203121230
202109150830
202108050740
202108261600
202108220630
202108091730
202108081800
202108030020
202108180740
202108300930
202203260520
202110160630
202108181030
202108100020
202108030440
202108280710
202108241600
202110131730
202108220120
202108040100
202108271410
202108231700
202109291800
202108241530
202108180920
202108041540
202109150910
202108281350
202108160900
202108010440
202108041940
202109151750
202109290130
202108090410
202108100720
202108261510
202204201530
202203120940
202110061850
202108170220
202110130710
202108100400
202110131830
202108090100
202109110720
202108050300
202110091910
202108171600
202203120850
202108040600
202110021410
202108111530
202108091010
202109290140
202108081810
202109220140
202108180930
202110021500
202108080710
202108021900
202108030650
202110021910
202108241330
202109291900
202108260900
202108070220
202108020700
202109290630
202108241110
202203120630
202108020820
202110160020
202109180900
202108210120
202108080600
202203260940
202108080910
202108261520
202109291450
202108181900
202108220800
202108201630
202109011610
202108100920
202108101100
202108191100
202108260620
202108040650
202108210720
202108100350
202109151030
202108310130
202108301400
202108200100
202108201710
202109291030
202108221650
202108070330
202108080300
202108240040
202108190050
202108231650
202108081930
202108241030
202109291320
202108230100
202108080650
202108010310
202108240150
202109041940
202109041010
202108181010
202108060140
202108251700
202108070820
202108010920
202108221730
202108050720
202109111410
202108200620
202109081550
202108090730
202108011900
202109150800
202108011810
202108100910
202108050120
202108271500
202203260750
202203121520
202110021530
202110160910
202110131640
202108261700
202110021110
202110131710
202109150130
202108090650
202109111630
202108050750
202108221030
202110161240
202109010850
202108280800
202108051810
202203260310
202108230640
202108211540
202108091000
202108180910
202108271520
202108260910
202108081000
202109291500
202108120130
202203120550
202108010640
202108160940
202108221140
202108170100
202108090000
202109081340
202108090940
202108280940
202108041020
202108081740
202109041600
202108081640
202109040730
202108020300
202110161710
202108040240
202108220750
202109181420
202108040000
202203120530
202108221010
202203121640
202110091600
202108191620
202108011820
202108031800
202110091610
202108200500
202108240850
202108251430
202108240930
202109291120
202110060930
202110091450
202108281510
202108231640
202108100740
202110130700
202108030240
202108180400
202108250040
202109181530
202110091110
202108050030
202108221450
202108081700
202108100440
202109220730
202108190110
202108090830
202108210300
202108250940
202108080800
202108100200
202109110130
202108110730
202108010840
202108070910
202108250840
202110091320
202108171550
202109080110
202108170810
202110091720
202108221700
202108090400
202109040830
202109011310
202108051020
202108310730
202109181520
202203121030
202108220740
202108111020
202109180140
202108110320
202108040430
202108241000
202109290710
202108160920
202110020710
202109041440
202203120740
202110161110
202109291420
202108100010
202108011010
202109010700
202108241440
202109110740
202108231430
202108140820
202108220650
202110021240
202108191050
202108211700
202108040030
202108250130
202110131500
202108040120
202204231900
202108111610
202108081850
202108201910
202108021930
202108030350
202108070340
202109040820
202203120320
202108040350
202108191600
202109080140
202203260320
202108270130
202110131320
202109081530
202110130010
202108301530
202108290750
202108261910
202108231330
202108271630
202108180210
202108170350
202108021810
202109011030
202109221620
202109111530
202108041530
202109291730
202108251420
202109290740
202108200150
202108171020
202108221720
202108021550
202203121620
202108110900
202108040050
202109011450
202108171040
202108250810
202108020350
202203260820
202108251540
202108231130
202110131440
202203121220
202109151700
202108181610
202108091740
202108030940
202110091140
202110021640
202108120240
202203260610
202108090050
202109290100
202108090350
202109221010
202108170150
202108210230
202108110230
202108110740
202108250100
202108210210
202110021840
202108050710
202108100000
202108020120
202108081530
202110161130
202109181320
202110090030
202203120750
202110130620
202108261920
202109080130
202108261620
202108050020
202108251220
202108010820
202108251840
202109221430
202108191700
202110090010
202108140810
202108271610
202108180310
202108110820
202109291810
202108040220
202108060530
202109290840
202108180840
202108200600
202108290130
202108090820
202110130740
202108200000
202108310830
202109181020
202109110820
202108310810
202108240130
202109180850
202108040910
202109111050
202108091700
202109290850
202110091840
202108050530
202203120140
202108030340
202109010720
202108180810
202108010340
202108030510
202109290930
202108010300
202108020240
202108020710
202108190520
202108260100
202203120700
202108080630
202108240010
202108081940
202108201820
202108020450
202108281530
202108070440
202108140910
202108281340
202109290810
202108230930
202110020900
202108221340
202108311450
202108011830
202110090020
202108021910
202110021230
202108020410
202110161350
202110161640
202109291520
202110131840
202108041850
202108210340
202108160830
202108251950
202108111630
202109040930
202110021430
202108021730
202110131820
202108190920
202109011420
202108221710
202108031720
202109151520
202108260740
202109011340
202110090700
202108170800
202108210110
202109111010
202108020950
202108241630
202110021750
202110091050
202109041020
202109291020
202109221650
202108041910
202109110850
202109040900
202109111920
202108271340
202109221340
202203120210
202108020210
202108231740
202109110140
202108170120
202108031930
202108051830
202108170440
202108271100
202108080510
202108251130
202110160000
202203121500
202110021700
202109181350
202203261200
202109291150
202110021340
202110131630
202108181040
202108031730
202109011550
202108190230
202108161920
202109291240
202203260720
202108211630
202108120300
202108100430
202203120800
202108240720
202203260230
202108210420
202110021920
202108191020
202109011040
202108130330
202108110250
202108170710
202108250820
202108010510
202108180200
202110061900
202110020740
202109291130
202203120620
202109011600
202108100840
202109040710
202108071550
202108110300
202108030910
202108120400
202203260850
202108031710
202109221640
202108060020
202109040810
202108250150
202110130950
202109220740
202110021600
202108011620
202109080120
202108091610
202108010900
202108170420
202110130130
202108200750
202108290820
202110160920
202109291840
202108281050
202108271030
202108180340
202110090140
202108031900
202108221120
202108181020
202108081620
202108221330
202108220830
202108200530
202108261500
202108241050
202108041000
202109011410
202108261940
202109221930
202108180710
202110131520
202110091000
202108311010
202108191910
202108271110
202110131340
202108050610
202108231210
202108200520
202108081750
202108261830
202108220010
202108261900
202109040120
202108070800
202109150900
202108041800
202108011930
202108261710
202108060150
202108160950
202108021630
202108190730
202108040020
202108170230
202109011520
202109110120
202108231140
202108010500
202108291540
202108100300
202108281020
202108281300
202108260010
202203120410
202108011000
202203120400
202108061040
202110160700
202108231940
202108311410
202108240620
202108020930
202110060850
202204130340
202108210400
202108190800
202108221840
202108311620
202110021450
202108031740
202108060450
202109220800
202110021050
202109291700
202110130150
202108200120
202108210240
202108180800
202108030210
202108080850
202109220010
202108281450
202108260640
202108030600
202109110110
202108191740
202108050230
202108281030
202203121310
202109151930
202108180940
202108250710
202108030500
202108241400
202108210630
202203260810
202110161750
202110131750
202108231100
202108211950
202109081420
202109291250
202109110150
202108231820
202109150810
202108201830
202204231600
