202204090220
202203231430
202111061120
202109251340
202111201930
202110201900
202110301000
202201220410
202201050350
202109011130
202204060700
202204061550
202203300540
202108111040
202204200820
202203161530
202108110630
202110271640
202111030800
202202260850
202108291740
202109150710
202203191020
202110301900
202111030950
202110060720
202204090830
202203301350
202204161340
202109041110
202110201920
202108071800
202204230450
202204200950
202204230200
202203300210
202109080810
202203300250
202203301700
202203160700
202112111740
202110060730
202109041830
202203261840
202111131110
202112151750
202110200150
202203301750
202112111620
202112150700
202109250740
202203190350
202204130620
202201260210
202108070550
202204230540
202110201910
202110300940
202203020240
202204130530
202108141550
202109010130
202108141930
202204201010
202203230850
202203191420
202111171150
202203190240
202203301950
202108301710
202203300910
202111171850
202203190440
202112081640
202112151950
202204060950
202201050200
202203160520
202203020640
202204060110
202204091030
202110271300
202108310110
202108291650
202111201040
202204230100
202108301000
202202260600
202203191100
202203160830
202201011440
202203230910
202108120600
202111131310
202108140140
202108291050
202108170520
202110201540
202110161920
202108071740
202112150730
202109111140
202108140050
202203230310
202203161550
202203190120
202203160820
202203191130
202204091130
202111200130
202203191000
202108070500
202201220300
202203230220
202108271230
202203190510
202109080650
202109221210
202108080040
202203230700
202112150720
202109181100
202204061150
202112081330
202110301300
202108281720
202108171750
202201221440
202110161530
202109150100
202108101820
202201150200
202109251610
202108161020
202111170930
202111131930
202108020520
202110131220
202112081410
202109080040
202108271210
202204060200
202112151640
202112151250
202108171100
202204160130
202201221400
202203231630
202108171700
202108140550
202203161910
202108300640
202202260820
202204230750
202108140330
202203301620
202108140730
202203160510
202201150300
202203121920
202108171640
202111030830
202204200200
202109081830
202108020600
202108180520
202111100140
202203261710
202112081720
202111130650
202204200710
202201050300
202204061320
202110270100
202110271130
202111030050
202201260350
202108301230
202112110930
202203091850
202109080900
202204131600
202108311300
202109250720
202204060830
202108311820
202109111820
202110201600
202108011110
202204091450
202204061340
202111170810
202108281710
202110301750
202112151820
202203020110
202109181140
202109011840
202203261220
202203190230
202110300810
202204091840
202203160630
202204161350
202109041920
202111201220
202203020410
202111200700
202201150230
202203301840
202203230520
202108160100
202204131530
202110060050
202112151730
202108140400
202108301630
202203020600
202109080800
202108301200
202109080620
202111031350
202203300530
202204060630
202111200740
202112151400
202110271730
202108160230
202108150620
202203160300
202111200110
202109181650
202203161920
202109150000
202108280630
202109080750
202110231350
202111200750
202108160510
202110271850
202111170920
202108291030
202110270000
202204060800
202109011720
202204161450
202202261520
202203091610
202203230830
202110271420
202108141700
202204160920
202108151750
202204201750
202110300910
202203301720
202203161600
202110270650
202111030730
202112151830
202204201710
202109041910
202203301800
202111130100
202108280640
202203121950
202203230740
202108160140
202109111720
202203261510
202108161810
202110270800
202111061220
202203230650
202108171110
202203231350
202203230320
202111131040
202203191350
202203091830
202108170610
202203091430
202204201730
202108140300
202110271200
202109180020
202204131330
202110201950
202111130630
202109181220
202108300950
202203160900
202204231630
202112110150
202204131750
202110020100
202108110450
202109151250
202108160620
202204090620
202111030940
202204061230
202108131600
202111061310
202110301210
202110301520
202204200140
202108311700
202109181750
202203301220
202204060230
202110300040
202111100130
202112110910
202203091310
202203261520
202108311110
202108150800
202111061240
202201050150
202203301440
202112081940
202112150800
202109080740
202204160410
202108160210
202201220310
202108131950
202109251050
202109011910
202203230510
202108070050
202108301800
202108281150
202203190940
202203090230
202201150320
202112110850
202204091140
202109251350
202111060010
202108130740
202109110700
202108110620
202112151440
202203161500
202111170820
202110230120
202204091800
202201220340
202112111800
202111200630
202204091330
202111061740
202109081010
202108150940
202204160310
202204091100
202203190310
202202261610
202111061010
202204230140
202204091120
202112111650
202204091020
202108311130
202110301140
202204090600
202109041810
202110301600
202108171650
202111060750
202204061200
202112150100
202108020640
202109040020
202111061410
202111171650
202110060640
202204230250
202108311140
202111171510
202201011510
202201050820
202108141620
202204131300
202112111240
202204091920
202204230700
202108290700
202203301640
202112151240
202109250700
202108071710
202203230820
202204161420
202204091310
202108151940
202108121020
202108301850
202203261530
202108131640
202204091110
202109080020
202109151140
202112111640
202204200510
202204090420
202110161450
202204061050
202204091710
202203301340
202108130500
202204230130
202108160440
202204131650
202112151700
202108020030
202108161100
202110271740
202108271140
202203161830
202111061920
202111131030
202203160200
202110201340
202203091620
202110270920
202111171640
202111061050
202203230810
202108160730
202204130110
202111131130
202203300340
202111171540
202111061040
202111030720
202204091150
202111171130
202109011100
202204160420
202204090610
202203231420
202108140130
202204231700
202203020730
202108151540
202110201500
202108020630
202110201650
202108291100
202108131040
202108151720
202204231530
202112111720
202108301830
202204230050
202109011850
202110061120
202202261410
202204130800
202111031330
202203231010
202203301430
202203230540
202110061040
202111200950
202111201940
202108180000
202108121720
202111030700
202108150320
202203230340
202108291930
202201050930
202112151500
202204061800
202108131840
202203261910
202204091730
202204230950
202108150830
202111200140
202111061710
202110301620
202202260720
202201051000
202204060920
202111061900
202203190530
202110300630
202203301650
202108301240
202111131350
202203191310
202204090530
202108111710
202203091340
202110060750
202201050650
202110271940
202111061440
202108151930
202203091920
202111130910
202108121110
202109181640
202108310100
202201011610
202108171850
202108131910
202204060210
202204230410
202108171730
202111171040
202109250940
202201050410
202204201040
202111171440
202204131320
202201220320
202108150520
202203020310
202110300840
202108150740
202111131010
202111061430
202109251450
202109040040
202109080050
202108301610
202108140230
202203121730
202108111920
202108271250
202108150040
202112110810
202108071700
202111171200
202111200940
202203301740
202204200940
202203230950
202110161850
202108161750
202108130210
202203300810
202111200710
202203160330
202111201600
202201050330
202202260930
202109251150
202203261620
202202260150
202111201320
202108301140
202204090200
202109180000
202111031240
202111201000
202201050220
202112150750
202112110720
202112081300
202204131850
202204061750
202202261540
202204061830
202108171930
202203261730
202201260250
202204061640
202108311830
202109081230
202109251040
202111131610
202203261830
202109181200
202108180530
202109011200
202203190330
202108161900
202204200540
202108180620
202108151730
202204060520
202109111130
202112110710
202109010030
202108130150
202109081220
202201260330
202204200150
202204090150
202112110630
202203301930
202111031310
202111061420
202203261700
202110231420
202112111350
202108300130
202109011640
202204231820
202204200720
202109151230
202203161850
202112111110
202201050850
202109150030
202111130820
202110301430
202109011150
202204231040
202110301720
202109250050
202108281210
202204200330
202203190720
202109081050
202204090340
202204201940
202204091720
202112150630
202204230630
202204091930
202109110610
202203301530
202108121640
202108110010
202112151900
202108020650
202112151710
202109151120
202108170550
202204130130
202204200410
202109041740
202110301020
202204230530
202203020400
202110301500
202109250640
202204160230
202203191200
202112081430
202108291000
202109251540
202203301420
202108150850
202204231830
202204060750
202204131930
202203161750
202108140310
202204130600
202112151550
202111060050
202108140630
202109080820
202111031110
202112111510
202108311640
202204090300
202110231610
202112110110
202108281830
202110300150
202204201110
202108120610
202112151910
202108161700
202109251310
202108121900
202203191120
202203091350
202203300850
202109251300
202202261650
202110270850
202111201440
202108140720
202204231550
202109181900
202108131800
202111170940
202108130800
202109250730
202109110650
202111130830
202110300610
202109221730
202108160700
202108301750
202111061850
202203191230
202203300950
202111131920
202108300750
202108140640
202203301150
202203301500
202110301400
202112111840
202203160730
202112111420
202109150650
202202261710
202109041220
202108291840
202109081120
202108070650
202203231130
202109011050
202111061530
202203190840
202110060800
202110131230
202110231430
202111201740
202203090330
202111060700
202112110830
202203190200
202204200350
202110200140
202109181830
202112111450
202109010020
202108161040
202202261850
202204060320
202108160050
202112290100
202204161410
202203190550
202111130920
202109010110
202108131730
202111030640
202201221500
202110270040
202108121850
202109250710
202203161800
202111031620
202111061150
202204061910
202203300130
202203161940
202109040640
202202261130
202109251400
202203300800
202108300720
202202260530
202109180050
202109250920
202203190340
202204200100
202108310030
202108281100
202203091600
202203191150
202201051010
202109250800
202202260520
202204161000
202112111140
202112081920
202111060810
202109111700
202203190710
202203301550
202204090350
202110301800
202203231900
202204061210
202110201320
202108160520
202109080840
202111201230
202108170600
202109081800
202112151220
202111131210
202108070610
202112081530
202111130900
202111201140
202108160540
202111170710
202108071750
202109250100
202108310640
202204160220
202203161410
202108161850
202202261340
202108311320
202201220420
202109251430
202110201750
202111061700
202111200150
202108301950
202202261330
202203301600
202204160330
202204090640
202110270830
202203231150
202202260920
202201220230
202112151310
202111130720
202112081820
202204090510
202109041840
202108281650
202110301830
202108110610
202108271220
202110270700
202108140200
202111061110
202108311840
202109081720
202108010000
202108071110
202203300830
202204200230
202112110840
202108151040
202111171450
202203261740
202204161950
202204131940
202108151010
202111201500
202108180630
202111061650
202111170740
202203301900
202108141800
202110201510
202108171840
202201050730
202204231020
202109011620
202203190740
202111060850
202203300640
202202260320
202204091500
202203161840
202109250850
202108130930
202201051040
202204200830
202108170000
202203160320
202203261540
202111170840
202201011410
202108170640
202108160600
202111201100
202111130810
202202261510
202112111200
202108160010
202108140210
202110270950
202109251200
202108151110
202203230120
202112151210
202112110120
202108281920
202108130010
202111060940
202108110710
202204090440
202109150720
202108160220
202110131210
202110060740
202108140320
202112151620
202108271240
202203301940
202203091750
202109251210
202110301250
202203231910
202109040650
202111061550
202201050950
202204060420
202108130200
202108180600
202203230550
202111171750
202204201640
202108110600
202110301440
202111201030
202112110030
202111200610
202201050450
202203261650
202108070620
202204230400
202110270110
202109011710
202109251500
202109041200
202110201830
202111170120
202112111600
202111031420
202110301820
202203091550
202108120540
202112081310
202112290110
202111130850
202109111110
202108130120
202109081310
202111200100
202111061200
202108150300
202111030100
202204230840
202112150830
202110301130
202110271020
202204091610
202203020520
202110161440
202108311650
202204160800
202110301930
202203121830
202204200850
202108151100
202110020700
202111171630
202203301020
202108281700
202110301240
202204090050
202111030630
202204131920
202108120520
202109011830
202203231940
202109080010
202203161440
202109221250
202204131950
202108061940
202204060940
202110201430
202108310020
202109180730
202109110620
202204131310
202108311730
202203191410
202204200450
202112081840
202110270910
202110270900
202203301300
202110061110
202110161520
202108160720
202111030650
202204061700
202204060900
202108141050
202203230600
202108070040
202110271820
202108131630
202110270020
202204230640
202204161510
202203121840
202202261500
202108140600
202111061620
202108161720
202203090420
202204091820
202110060000
202203121820
202109250840
202110201850
202204061430
202109040620
202111171710
202108310620
202108111830
202108300040
202110020000
202203230800
202111130620
202112111000
202111131620
202111201340
202108111950
202112110650
202109081300
202108010050
202204060350
202203160310
202108301350
202108150110
202203230710
202204231750
202111061750
202204091520
202108131850
202204060820
202108301650
202109181940
202112081400
202111201650
202111170110
202111201020
202108141850
202108070600
202203161340
202108301010
202111061020
202203231320
202112111910
202201150310
202108301110
202201260340
202111170610
202202261420
202109011240
202109110020
202111061520
202202260510
202112151840
202111060820
202110301850
202203230730
202202261620
202204091550
202204131350
202204230030
202108301150
202108160650
202109250930
202204090320
202108180030
202110271030
202112081610
202108111030
202109181710
202109180700
202203230250
202111171000
202112111220
202111061300
202110271430
202204230930
202108130700
202109251640
202110301530
202204060330
202108061930
202202260330
202110300010
202203301520
202204230720
202204061530
202204200600
202111031020
202108131940
202108120450
202108311040
202203160400
202109080030
202202260610
202204060850
202203261630
202202261900
202110301310
202203091440
202108150350
202203300610
202111060610
202204230910
202204201020
202111131150
202109180610
202204201000
202111131530
202203231110
202110060700
202109081100
202203231440
202203300100
202203020210
202204131830
202203190150
202108291040
202108020530
202108171050
202108301820
202109180640
202108140350
202108140620
202203020720
202203230330
202111061930
202203231030
202204090130
202108160420
202109041130
202203300510
202108160130
202111171210
202112081750
202109181930
202110201640
202108170020
202110271530
202108311850
202204130540
202109181300
202108281800
202110301050
202203230440
202108130020
202108140100
202110201550
202204231650
202110060630
202108010020
202108170010
202108121650
202108071900
202108300710
202108171820
202204091510
202108150530
202203020120
202112111930
202110231400
202203301310
202203300120
202108281240
202203300350
202109251020
202108160120
202204090920
202111170030
202111061820
202108141830
202111061320
202111131940
202204230300
202112151120
202201220240
202201011320
202204060620
202108281110
202108150130
202108130630
202108161050
202204200420
202201220140
202108101810
202109081250
202204061540
202203160620
202203020740
202108281730
202203301230
202204091210
202111171940
202204231640
202111201520
202203301730
202108130610
202108121800
202203191450
202108300650
202108130450
202204090930
202112110100
202110300730
202111171620
202110060100
202203161540
202111171250
202203300320
202108130350
202112081420
202108161030
202111031050
202108161730
202108161710
202108151550
202201011350
202111031100
202108170030
202202260440
202111170100
202109011900
202108160240
202112150050
202204060730
202203161640
202203231400
202202260700
202111031610
202109010100
202110131120
202108121050
202109111710
202204091430
202108291730
202204131910
202204131250
202108170500
202203231210
202203161450
202110020020
202112110800
202109251220
202203160050
202203191500
202204131540
202109150700
202108161800
202108150000
202110300110
202109251440
202108120640
202112151410
202110300950
202108311240
202108131810
202108301620
202203300740
202111031030
202110300800
202203300730
202109221100
202109150640
202203230210
202108131000
202108130850
202204091740
202203190920
202111171950
202204230740
202204201930
202108120500
202204091830
202108140000
202108150230
202110300750
202108150400
202204091340
202110060030
202111060920
202108141640
202201221540
202112151850
202110060110
202204200400
202203231140
202202261040
202109080940
202204090750
202109080910
202108291720
202203020900
202108111730
202111131600
202203190520
202110301730
202111061130
202110061220
202108151740
202110271310
202111060030
202204090950
202203190620
202203161710
202111200050
202108160020
202108301320
202110270030
202108070100
202108281250
202204130150
202112111150
202204091620
202108160710
202110270940
202108151620
202204090910
202112111950
202203231510
202108291910
202109041120
202108290000
202111130800
202108311030
202108311710
202203261240
202204091230
202202260230
202112151010
202203231050
202203120050
202108171630
202111131550
202108181100
202204200910
202109110000
202109181910
202110271610
202112150120
202204231810
202204200550
202109181730
202204201910
202109150610
202111030040
202203020820
202108151640
202203300230
202203231100
202203020800
202204091700
202112150810
202108150120
202108150610
202203300140
202111171550
202112110940
202204230900
202112110040
202203231930
202109180650
202204061220
202203300050
202201050440
202108061110
202111060130
202112150840
202203231600
202108140440
202109181820
202109081030
202108111850
202111061830
202204091530
202110200110
202204091750
202204060610
202108310000
202110300700
202111170650
202109011300
202201220150
202203230530
202203231410
202108080020
202203191010
202112151800
202203230750
202203020430
202108110550
202111130710
202201220330
202204160210
202110161950
202204160400
202112151810
202109221230
202112151740
202204230810
202110131250
202110301200
202204060930
202108120650
202110231930
202203230840
202203190210
202109080630
202109181040
202203301000
202111131300
202110161910
202110201810
202112111730
202112111520
202110271500
202203161930
202203160220
202108160530
202203161720
202203190820
202112110820
202110271720
202203300600
202202261810
202109251330
202204061420
202204230120
202203301410
202108301310
202109150110
202203020620
202108290710
202111201350
202109181110
202110020640
202203231000
202203301450
202108140010
202203020050
202110270840
202110301340
202110131240
202112150130
202111200720
202108301740
202110271350
202112151000
202203261400
202203300330
202204090140
202110301700
202203090120
202204061110
202203301820
202204130650
202111201550
202108130550
202108141840
202108111910
202108130830
202111170640
202108140110
202203160710
202109111800
202204130120
202203230450
202201011650
202110271910
202110271230
202204200840
202108130440
202109011110
202109150620
202203191510
202109041930
202108071810
202108170630
202111060110
202108171710
202108120740
202204060430
202202261220
202108300020
202110271220
202108141720
202204230620
202108061910
202108160630
202203231020
202204131620
202110161840
202108130130
202110301640
202109181720
202111201200
202108301840
202111201710
202203160110
202203160450
202108180050
202201011310
202108111640
202108281130
202108061100
202203091910
202108120030
202108150310
202110020630
202108120730
202108301250
202203161510
202108141810
202201050940
202204091440
202109251120
202111200920
202108301720
202204230510
202111061540
202108150510
202109250820
202112111130
202112150150
202202261840
202203190600
202108111800
202203300710
202204130510
202204060100
202202261550
202109151150
202201260150
202110131110
202109151130
202108160610
202109111840
202109250750
202108110020
202108150140
202109250000
202204060410
202112110610
202109150050
202203020850
202108141820
202204230020
202109011920
202203300430
202109010120
202112111750
202203231540
202110060710
202201050750
202111060000
202109151100
202111131200
202204231840
202110271440
202109180010
202204061040
202109151040
202112150610
202204061300
202111031140
202202261010
202109040010
202204091540
202203120100
202110270120
202203191320
202204160340
202201011500
202108130540
202108311740
202202260840
202204130410
202112151320
202111170150
202112110700
202203020630
202203301320
202112111050
202111130130
202110271930
202201050900
202112110920
202109150020
202201050320
202109011700
202111201210
202203020500
202110231530
202108170650
202204200740
202110061200
202108150600
202108141020
202111030020
202108080000
202201050720
202203190700
202108130400
202108290620
202203191430
202109081730
202204231620
202203190140
202108170620
202111031550
202204160140
202111030910
202203020650
202109080950
202203230150
202204230240
202109181120
202202260300
202109011140
202111171720
202112081950
202108151800
202108301900
202204091630
202109221120
202110270140
202111171050
202110201530
202203020510
202109080640
202108311050
202202261450
202201050700
202108180550
202109181150
202109011630
202204161550
202109150120
202110271110
202109250810
202112111250
202204061120
202203301810
202108070640
202202261200
202204200310
202112151520
202204131400
202109251010
202109011800
202203261610
202110061020
202109011810
202203190800
202108280650
202203301910
202111170620
202108120050
202110061150
202109011940
202204200210
202201050240
202111061910
202111200900
202203191240
202108140610
202109251530
202110061250
202108120750
202110231520
202108121910
202110271600
202111131640
202108120020
202108310650
202110271750
202204060250
202108151600
202109040050
202111060720
202110301920
202108180610
202109041250
202108120100
202204131710
202109251110
202202261640
202108150020
202110300900
202108181110
202110161830
202204231850
202201221520
202111130840
202203261310
202203301210
202111131910
202109111120
202112111700
202204090250
202204060600
202204061730
202108150550
202204061720
202109181920
202108131720
202109081740
202108151650
202202261210
202202261020
202109251230
202110300710
202203191400
202110271630
202203090140
202110020620
202112151920
202111100110
202110231600
202201220200
202203230420
202204091420
202111131450
202204200050
202204200800
202204200240
202204130740
202108111940
202204201700
202203190930
202111060620
202111131340
202203230200
202108150010
202203121850
202111030620
202110300000
202108301050
202203230350
202110301550
202204160740
202202261000
202111060800
202204161610
202111171730
202109180620
202202261820
202201050230
202110060010
202202260210
202204091600
202108111740
202108281840
202109080610
202202260800
202201011630
202204131840
202112151040
202204230920
202204061010
202112151300
202204061610
202112150820
202110270810
202201011540
202203190650
202201050400
202108300620
202204230430
202108121940
202108130140
202108150200
202111171220
202204231050
202112111710
202204200750
202204161010
202110271140
202108111840
202203121750
202204090710
202109081820
202108290030
202201221430
202201050910
202204130820
202110231410
202108171800
202112111540
202108151710
202108141030
202201050210
202203160420
202108120040
202110301320
202203261250
202108120700
202112290130
202108301210
202204061030
202203091420
202108160250
202204201810
202204091050
202111060640
202109110100
202108101830
202204090810
202108301810
202108311810
202109181950
202108140340
202204230520
202108281740
202203160810
202111061330
202112111230
202111170850
202109180630
202202261310
202108080010
202109111100
202112150620
202204090310
202203091820
202109181230
202201050340
202110271830
202110270720
202204061330
202108310610
202204131900
202204230850
202203020130
202109080700
202110131040
202109181240
202204091850
202203301920
202203191140
202111060910
202108300120
202109081850
202108291800
202111131050
202111171910
202204061500
202203091950
202110131130
202111201150
202111201950
202204201950
202203191340
202110201800
202204060740
202108140020
202204130200
202112111310
202110201610
202204201050
202203261450
202108300730
202204161400
202204061410
202201051020
202110271410
202108281200
202108070020
202111031500
202203231220
202109180030
202108310050
202203090210
202112111410
202111130740
202203091320
202110301150
202108101840
202204131500
202203230940
202110020650
202108121820
202110301910
202203301850
202203300920
202109111740
202112081630
202110301630
202109041850
202111131510
202202261930
202203020750
202111061610
202108141100
202108020620
202109221220
202108151920
202204061930
202203300440
202108150240
202110201450
202108020050
202108111900
202108130420
202111130140
202108171920
202201011450
202111031230
202203190910
202108291020
202108180640
202203020420
202110061140
202112111500
202108150540
202204230610
202202260500
202203301030
202108171810
202203090340
202203301400
202108290650
202111131500
202204091200
202204061350
202109181630
202108300700
202111171240
202202260110
202201050920
202108110530
202108121010
202203230240
202203230620
202108131650
202108150920
202110270740
202204201720
202108150720
202201011300
202204061440
202111201330
202203300450
202111060840
202204061840
202108140420
202203231230
202201050250
202201150340
202108121950
202108140450
202203300820
202203121720
202201050430
202203230050
202204091910
202108291850
202108180500
202108121620
202203190500
202203300700
202109081000
202110300100
202204201100
202110201740
202110271120
202201221530
202109251320
202204230150
202110200120
202203231330
202112111040
202203190750
202111061640
202110301840
202109081710
202203190400
202108131820
202112111850
202110161420
202204060140
202112110750
202108141650
202108130100
202112110010
202111030750
202111131440
202204160840
202202260740
202108010010
202111060710
202108311250
202204160820
202111201300
202203020250
202108120530
202108141730
202109181740
202112081550
202203121810
202108071820
202111171820
202111030820
202108150440
202108301920
202110300030
202110271450
202203160100
202112081450
202204060120
202111131950
202203231530
202108020020
202110131100
202203261420
202204201900
202203191220
202109041900
202204230230
202203301010
202204201030
202109251250
202203190450
202203160210
202110161430
202109221750
202204230010
202108291820
202111030150
202204091650
202112081700
202111030110
202109011730
202111030000
202108120550
202111031540
202109040000
202108070530
202202260540
202203300630
202110201330
202111171230
202201050710
202204200500
202203300240
202204131440
202108271200
202108311200
202108291750
202203020700
202203231920
202108171910
202204130440
202203301710
202108301340
202108111650
202109251630
202108301220
202201011620
202111061210
202204090820
202108301940
202204200700
202204090120
202202260430
202108151020
202204200440
202203161900
202203191440
202112151030
202203020350
202112081600
202204230440
202108160300
202204061450
202204091220
202110020610
202109011950
202109221720
202109041720
202109181800
202203161610
202110230150
202111061250
202108120510
202108151840
202203090220
202110271950
202109251510
202203160150
202110271920
202112111030
202108281120
202202261110
202108141710
202110201520
202111170910
202203020530
202201150210
202112111940
202108130730
202203231300
202111061000
202110270820
202109151050
202110270010
202112111020
202204060440
202112111920
202201220120
202204230500
202110270630
202204061020
202204201920
202111031220
202204090550
202204160350
202111061630
202110271810
202111201830
202203161820
202203261230
202112111400
202111130640
202112081930
202112290120
202112151020
202201011330
202109150040
202201011640
202108291940
202112111430
202112110020
202109081020
202204131610
202203231040
202111031430
202204160240
202112111830
202203091930
202112151420
202204060400
202109041240
202112151140
202111170750
202203300900
202203190610
202110201940
202110201710
202110231330
202201011600
202203160800
202204090210
202108271710
202112150640
202201221410
202109251550
202108291830
202202260250
202204160750
202204200810
202111201700
202204160910
202202261350
202203190630
202201050310
202108141530
202108180020
202203190250
202110300140
202110061240
202108070520
202111130610
202112111100
202111031120
202204090720
202201220430
202204061240
202204200320
202204060340
202203090320
202203300310
202111131320
202202260650
202108160450
202201011430
202109080720
202202260220
202110301450
202202260350
202111171350
202203020140
202108151700
202203301250
202111170800
202204161020
202204160950
202202260100
202204160930
202108301640
202204200900
202203300940
202109250030
202201220400
202108300100
202111030130
202108070000
202111201630
202108131740
202108150210
202203190110
202204131450
202202260630
202108120710
202203301120
202109040030
202203300400
202112151230
202111171930
202109081840
202110300620
202203020100
202204090110
202109181130
202203161740
202204160430
202202261940
202202261140
202110271330
202108150750
202108160000
202203230500
202110301100
202204090450
202202261100
202112151430
202204060130
202111170830
202203160640
202110270710
202204201820
202108160750
202110271800
202203090310
202109251100
202203190100
202203161700
202108101850
202108150450
202201011550
202109080830
202110271840
202110161510
202204130750
202203160920
202109250630
202108301330
202203190950
202204130100
202111201420
202109011250
202204130430
202108131830
202108310010
202108130820
202108130410
202202260900
202111031600
202111130750
202108071840
202204061600
202202261700
202112081710
202111130150
202108271150
202108150420
202111060100
202110270130
202204160120
202111201920
202111131000
202110061130
202108130640
202108301030
202203121800
202203190300
202203231520
202203300110
202204130140
202203301610
202204090410
202204231010
202108140700
202108110000
202110270150
202203020550
202112081510
202203230140
202109081750
202108130040
202109111850
202110020010
202109081110
202108070010
202203230230
202204230550
202204090850
202112081800
202110271550
202109251030
202109110040
202110201310
202111031300
202203190730
202202261150
202111061400
202109181030
202108131700
202108140220
202109250900
202109251420
202203261340
202108071830
202204061630
202108010030
202203020710
202112151450
202204160830
202110231340
202108071850
202110020050
202203160130
202110271210
202108180650
202111171110
202108131610
202111031340
202201260230
202111171900
202203090130
202203301330
202203160740
202109251620
202111060020
202109250620
202109251410
202111061340
202110061230
202108290610
202108150250
202108151030
202204200130
202203230300
202203090200
202204161540
202203161400
202203261810
202110231450
202204161330
202203191040
202108130600
202109150630
202108120120
202108140120
202112081620
202202260130
202108311150
202204020250
202109041230
202203160410
202108140030
202110301610
202108160430
202203160720
202108291810
202108290640
202112150900
202203231610
202108281140
202202261910
202111201620
202108160150
202202261630
202110270930
202111201540
202204200610
202204091300
202110300830
202108130110
202110060810
202108141630
202203091740
202111131540
202108281230
202109080710
202108130810
202204090240
202203261550
202203160350
202112110900
202109080000
202108180540
202202260730
202108160330
202204160110
202202260620
202108140040
202108130650
202108130620
202111170140
202108131900
202204091000
202108130430
202203191330
202108140500
202110271050
202112290140
202204131810
202108311310
202111200840
202109151110
202111061350
202204131730
202204130610
202202260120
202108151000
202111060740
202111030920
202111061510
202110271900
202204061510
202204160150
202202260550
202204230040
202111131400
202108151530
202203301140
202203231310
202111031210
202111031450
202203230110
202203160610
202110301350
202111031440
202203121710
202108011850
202108131010
202108310700
202111061140
202111200930
202108291710
202108130720
202203300410
202204230940
202110060820
202109011930
202111060650
202108160500
202204091900
202109250650
202108300940
202108020500
202110131050
202112151350
202112151530
202202260450
202112081350
202203301040
202204230320
202112150910
202110300640
202204131430
202111200650
202204230730
202108271700
202108141540
202109151200
202112110640
202110300850
202110301010
202108080030
202108150630
202109250020
202111060140
202108121040
202108300000
202111031520
202204230710
202108141910
202202260400
202202260310
202203261950
202203091330
202112151940
202111201730
202111171600
202111200120
202108011100
202108160040
202202261730
202204230110
202203160910
202109181250
202203261720
202111031200
202111201900
202203090410
202204060910
202203191030
202204230000
202203301510
202108111720
202203020450
202204130810
202203090400
202204131630
202110271040
202110201620
202111170040
202201220220
202108130940
202204231710
202203261940
202111171400
202108311220
202112150740
202111030610
202204091400
202108301910
202111061600
202108121710
202204231540
202108130950
202203160500
202108150710
202203121930
202110201630
202109221110
202110300930
202203231240
202202260200
202203230130
202204200340
202201260220
202108140540
202112151510
202112151100
202204061900
202204160440
202108170530
202204200920
202203161630
202203301050
202203190850
202108161740
202109011650
202112111630
202203161430
202111060730
202204091350
202203230930
202108110510
202204090230
202204060300
202110201420
202202260050
202204061940
202112151050
202108130000
202203091630
202204160900
202108110650
202204061710
202110230130
202109181210
202108110540
202203121910
202111170700
202112081740
202108150700
202111171120
202108020550
202203191110
202108150840
202204090400
202203231640
202204160940
202108121830
202108141900
202111201840
202110231510
202203190050
202111060120
202109151220
202110270640
202111061100
202111030900
202201050800
202108010040
202108311100
202111200800
202203231500
202204161320
202111031320
202203190220
202108071730
202203300220
202110231940
202109011220
202204200930
202202261250
202108141610
202109081150
202108110500
202109041140
202202260830
202108281900
202110231950
202108160740
202108300610
202203230100
202111131520
202203261320
202111201800
202108171940
202204230340
202109010040
202108150810
202203300750
202109251130
202112081900
202202260410
202202261230
202109041820
202203191250
202109251140
202108150220
202203161520
202108110050
202109151210
202204130630
202112151600
202112081340
202109250610
202203301200
202110201700
202111130930
202109041700
202110270050
202109250910
202109041150
202202261800
202203190430
202110301410
202108290630
202111060040
202204161530
202108070510
202204060150
202109181700
202108141010
202108290020
202111031040
202203090350
202111201720
202108110700
202111171810
202111201610
202112081540
202112111610
202110061050
202201260200
202108281810
202111130730
202111031010
202108151850
202110231630
202204130520
202112151630
202108160410
202108171950
202110301040
202204131640
202109181840
202203160250
202203020830
202204061310
202112081500
202203261500
202108080050
202111061230
202110131140
202111030710
202108131110
202204230650
202203160650
202204200530
202110060040
202110201730
202108150500
202204160730
202201260310
202108130530
202203160340
202204131720
202108130840
202203160530
202109080850
202203300300
202112111810
202111201410
202204061000
202204201650
202204091940
202110061100
202112081810
202108301120
202111061730
202204231610
202201011530
202111030740
202110271000
202203190410
202203091410
202110231440
202203300420
202203161650
202112151110
202204061620
202108131620
202204161600
202111200910
202203091940
202204061950
202108110040
202203230900
202112111340
202203231340
202108130900
202203190900
202108291640
202108131710
202111201850
202108171740
202108110640
202112111010
202203160600
202109221240
202202260940
202111171320
202112110740
202201011400
202111201400
202109150010
202108301100
202108180040
202110301230
202204061740
202108301020
202111131410
202108130750
202108070540
202111171740
202202261830
202203190130
202110271010
202112151720
202108311720
202202260240
202108111820
202109221150
202204060550
202111200620
202111201810
202204130720
202111171420
202201050740
202111061840
202109251240
202202261720
202203090250
202202260340
202108130710
202111170900
202108020510
202203230630
202108310630
202111131420
202203301240
202204230800
202204090540
202108170540
202201260240
202204161440
202203191210
202110301740
202109041710
202112150650
202108281220
202204090330
202204060450
202203231950
202109221140
202110270730
202108110030
202204231110
202204091040
202203020810
202203230400
202204230420
202201221420
202112110950
202109151240
202108161820
202204161430
202111031400
202109250010
202203190810
202110271520
202110131200
202109011740
202108150820
202112151130
202109180040
202203300650
202112110620
202110300920
202202260420
202203301540
202108170700
202111201530
202111171310
202203091510
202203231250
202201011340
202204130220
202108111110
202111031130
202108170510
202110301710
202204160300
202204200650
202111100150
202201051030
202108020000
202108141920
202110301110
202110161900
202111200830
202108160110
202111201450
202204061400
202108281750
202108170050
202204160850
202109081210
202204091250
202204130700
202204131800
202111170130
202108151610
202111171300
202204060510
202110201350
202108161110
202108120110
202108150650
202201150240
202109111730
202110270750
202111060630
202204230350
202108131020
202204131550
202203261410
202201011700
202110300650
202203231200
202204231730
202111030840
202109010050
202203160440
202201150220
202110301540
202108180510
202108151630
202112151340
202204160810
202203261440
202108311800
202109251700
202204200630
202203091650
202111031150
202203091800
202203091540
202109041800
202111061950
202110271320
202110061030
202204201800
202108291920
202112111320
202204231100
202109110010
202204060810
202201150330
202108311210
202109180710
202111061450
202203261600
202202261750
202111061720
202108111100
202111130120
202108150910
202202261240
202108121930
202109010010
202110301120
202112150850
202108301130
202110301810
202111171430
202204130730
202202260640
202204161620
202203160140
202203020150
202108120440
202203230920
202108311120
202111200850
202111170950
202204090500
202203191050
202108140510
202108171610
202108130340
202109080730
202203300550
202204200110
202110301950
202204131340
202204131700
202109250830
202203020320
202203091450
202109110050
202108150730
202202261600
202112081730
202109251650
202108301040
202203121940
202108150950
202204090700
202108130050
202108151050
202109181050
202204131740
202109010000
202111131120
202112150930
202111060950
202109081200
202111170730
202112081830
202204231720
202109251600
202111171700
202109181310
202108121030
202108120620
202201220350
202108140520
202109011750
202204200430
202204060530
202112110130
202111201820
202110271100
202204130550
202109041730
202204200730
202203160540
202108140250
202108140710
202203230720
202110060650
202204060540
202112110730
202109011230
202204230330
202201050840
202108150100
202203231120
202112111440
202109011210
202111030850
202201150150
202108291700
202203190640
202108131050
202203090150
202112151610
202204160320
202110271510
202109251000
202108291010
202110300020
202203261330
202108141740
202111201910
202110061210
202204131510
202202261430
202110300720
202111061800
202203191300
202108311230
202203091530
202202261320
202112150140
202108281820
202204201740
202204090940
202204061820
202108171900
202203020610
202108291950
202108160310
202202260810
202108151950
202112111300
202108150340
202203161730
202108151820
202201260300
202110301220
202111171530
202202261440
202203261640
202108111700
202203231550
202108121730
202108151830
202203261900
202111171500
202111171520
202203301110
202204200520
202110131150
202108160320
202111131020
202108020040
202204061100
202204161520
202203020220
202203261820
202203190830
202110271650
202111031250
202111030930
202108300050
202109221200
202108300110
202108141950
202204091640
202111060930
202203091840
202203161420
202109221740
202112111820
202110271400
202111060900
202203300200
202111031000
202203231620
202108120010
202111201640
202108120000
202110201930
202108150330
202203020540
202110201840
202204160100
202111030030
202111171100
202203020330
202111171340
202203160750
202108160030
202108141110
202108311630
202108131750
202110231540
202109081140
202110301510
202112111330
202203161350
202204131520
202108281850
202108171830
202203230610
202204060840
202203160840
202204060500
202109181850
202111030010
202202261400
202108131930
202108301700
202111131140
202204231000
202112111550
202110301940
202204200250
202111201050
202108311750
202204231800
202108131030
202204200120
202203301130
202110201410
202203020200
202108071720
202108150150
202203090440
202108121840
202111131430
202203161810
202110300130
202201221450
202110300120
202109111810
202111201310
202111201430
202204090650
202204060720
202108141040
202203160550
202108020610
202112081850
202109250040
202108120430
202108020010
202204131820
202108150640
202111171610
202111201240
202108140150
202108300010
202202261920
202111171830
202108111810
202203121740
202203091400
202204090840
202108160200
202203261930
202204230830
202201050420
202108130910
202108300630
202108300740
202109111750
202204061250
202112111120
202203261430
202108130030
202108020540
202204060640
202204230220
202109011120
202202261740
202203300150
202111170050
202204091950
202109081040
202108140410
202110161500
202204061850
202110271710
202108171620
202204130050
202111100120
202110300820
202202261300
202204130710
202108161840
202108281910
202112110140
202204130640
202201221510
202111171010
202203091810
202111060150
202109081130
202204200620
202112150710
202204090900
202110020040
202111201120
202204091240
202203020340
202110200130
202110301030
202108301930
202108110520
202109081810
202110060020
202108151900
202111130950
202109251520
202203301630
202108301730
202112081520
202108300030
202204090100
202111061030
202204061520
202204060220
202111201110
202201260320
202203300720
202202260950
202111171840
202111061940
202109041750
202108121630
202112081650
202108130520
202108130510
202203160230
202109111900
202204230210
202110271700
202203261920
202201220130
202108121740
202109080930
202203160120
202108121810
202110201820
202110270610
202112111530
202204161030
202112151930
202110161940
202202261950
202203231450
202204200300
202111171920
202111171140
202108301300
202108290050
202110020030
202203190540
202111200820
202110201720
202112151540
202112150110
202111171410
202201220250
202204201850
202203261350
202203261800
202108160640
202110230140
202111031410
202111171800
202112151650
202110300740
202204230820
202108150410
202204230600
202109111830
202203190320
202110161820
202204091010
202108121920
202108160400
202204201830
202204090740
202204090430
202204060710
202112150920
202202260710
202203230640
202109221130
202204091410
202108150430
202110231500
202109110030
202111171020
202110301650
202111131330
202203091500
202204061810
202111201130
202203020300
202203161620
202108150900
202111061500
202203020440
202111201250
202111130110
202202260910
202108290040
202112111210
202108150050
202203230430
202204060650
202111200730
202203090300
202108180010
202203121900
202111060830
202111170630
202204130450
202111170720
202109110630
202108120720
202110301330
202204130500
202110301420
202202261120
202112150950
202108160550
202112081440
202110271620
202108061920
202108170040
202111030810
202111130700
202108160350
202203301830
202202260750
202111171030
202109110640
202204130210
202108140430
202204061650
202202260140
202201050810
202203300620
202204130420
202108111050
202111201510
202108121700
202108131920
202204060240
202203300520
202203161950
202204200640
202109081700
202111031510
202204091810
202111131630
202110201400
202108141940
202203261300
202203300840
202111030140
202204090800
202203160430
202202261050
202108161830
202108121100
202110231620
202108070630
202110161930
202108111930
202204061140
202201050830
202111031530
202204131410
202204020310
202110061300
202204161500
202112151200
202109221700
202204020300
202108070030
202202261030
202203160240
202109040630
202108141600
202110271240
202108160800
202111061810
202109180720
202108171720
202201220210
202108170450
202112150940
202108160340
202108130920
202109041100
202204091320
202108151910
202203091900
202111030120
202108150930
202204061130
202204231030
202204230310
202108121750
202204201840
202203301100
202203091640
202201150250
202204160200
202110271250
202109041210
202108290010
202109221710
202108120630
202108140530
202108300140
202108140650
202111201010
202111200810
202108310040
202109250950
202204131420
202204161940
202204090630
202108151810
202203261750
202111201750
202112151330
202203090430
202108291900
202108150030
202203090240
202204090520
202203020840
202108311900
202108140240
202110060620
202203160850
202204160250
202112081910
202112111900
202203091520
202204231740
202110231550
202108141750
202108131100
202112151150
202204200220
202110300050
202202261530
202109181810
202112081320
202204061920
202111130940
202110060610
202203020230
202109081240
202204060310
202111200640
202111171330
202110271540
202204160450
202201011420
202204090730
202108111750
202111131100
202203190420
202203300930
202109011820
202203300500
202110201440
202112110050
202203230410
202108180100
202110271150
202110270620
202203261850
202201011520
202204130830
202110271340
202109080920
